0 9999
1 9859
2 1685
3 4449
4 3655
5 2442
6 1686
7 6248
8 4450
9 4202
10 3656
11 5519
12 3589
13 9696
14 1822
15 7223
16 5334
17 2443
18 3563
19 7854
20 1636
21 8286
22 3755
23 1025
24 1687
25 2611
26 1882
27 550
28 4701
29 5274
30 6009
31 1611
32 6453
33 6249
34 4451
35 4203
36 3657
37 6210
38 5520
39 321
40 4084
41 565
42 3852
43 3314
44 3590
45 9697
46 3375
47 392
48 1823
49 7224
50 5335
51 2776
52 2444
53 1432
54 589
55 1105
56 3564
57 7855
58 1637
59 515
60 2771
61 8287
62 1216
63 3756
64 9257
65 3258
66 1547
67 7156
68 1026
69 6939
70 8613
71 2136
72 836
73 1688
74 3350
75 2612
76 5718
77 2954
78 9873
79 1999
80 2359
81 8511
82 6877
83 824
84 1883
85 551
86 4702
87 3114
88 1841
89 9460
90 8074
91 5545
92 4413
93 8106
94 5147
95 3432
96 2200
97 5275
98 623
99 6010
100 1583
101 1612
102 3195
103 6454
104 6250
105 2238
106 4452
107 4309
108 4204
109 3658
110 6211
111 3264
112 5521
113 322
114 6714
115 2024
116 4085
117 6329
118 2601
119 566
120 3536
121 3853
122 203
123 5784
124 3315
125 3399
126 3591
127 9698
128 3376
129 393
130 4142
131 1824
132 7418
133 7225
134 6180
135 2284
136 6563
137 1604
138 6388
139 4641
140 2696
141 3572
142 9606
143 8811
144 4029
145 5336
146 9384
147 6778
148 9189
149 3791
150 2777
151 2445
152 1433
153 6106
154 590
155 3963
156 2818
157 1106
158 3565
159 1419
160 8348
161 7883
162 7856
163 1767
164 1638
165 516
166 3467
167 3157
168 3504
169 2772
170 6710
171 7997
172 5674
173 2627
174 829
175 6837
176 5083
177 850
178 1860
179 8288
180 1217
181 4211
182 7914
183 1228
184 9561
185 8001
186 2654
187 3838
188 3757
189 3421
190 9258
191 2396
192 7734
193 9157
194 4776
195 8013
196 6068
197 5637
198 6906
199 4953
200 3259
201 2865
202 1548
203 7157
204 3244
205 1027
206 4559
207 6940
208 8614
209 2137
210 762
211 837
212 6096
213 9480
214 2157
215 3132
216 5452
217 4917
218 3543
219 3617
220 1689
221 9203
222 3351
223 2613
224 4520
225 5948
226 8888
227 5719
228 8903
229 8582
230 2955
231 9874
232 2000
233 1393
234 6695
235 811
236 2360
237 161
238 8735
239 6749
240 6979
241 8512
242 6878
243 8276
244 1910
245 825
246 1884
247 3685
248 552
249 2296
250 5789
251 4703
252 6002
253 3115
254 1842
255 9461
256 8075
257 4589
258 5546
259 4414
260 4042
261 8107
262 5148
263 8846
264 3433
265 4695
266 7491
267 2201
268 5276
269 7451
270 624
271 32
272 6011
273 1584
274 1165
275 8153
276 5831
277 526
278 648
279 2458
280 1613
281 1833
282 4408
283 6548
284 3196
285 6455
286 5591
287 4429
288 5054
289 6251
290 981
291 8147
292 2239
293 8256
294 9933
295 1310
296 5678
297 4453
298 3330
299 4310
300 4205
301 3659
302 9248
303 9101
304 6212
305 8777
306 8720
307 6800
308 3265
309 5522
310 8741
311 9455
312 5044
313 5291
314 4508
315 9744
316 4946
317 323
318 5411
319 6715
320 1697
321 2025
322 4086
323 6330
324 4239
325 8856
326 4220
327 1083
328 2602
329 567
330 3537
331 3854
332 266
333 423
334 204
335 8243
336 2745
337 2881
338 3428
339 2814
340 5785
341 3326
342 3316
343 3400
344 5902
345 7984
346 1888
347 3592
348 4323
349 9699
350 3377
351 5112
352 40
353 3946
354 394
355 8935
356 4143
357 3553
358 1720
359 8547
360 5971
361 1282
362 3320
363 3175
364 7259
365 1825
366 7066
367 1472
368 5251
369 701
370 1128
371 7419
372 5688
373 2345
374 7226
375 4480
376 6275
377 7214
378 4995
379 6181
380 2285
381 5759
382 6564
383 9235
384 1605
385 2074
386 6755
387 6389
388 5604
389 5884
390 3639
391 7189
392 2478
393 7057
394 4642
395 6813
396 2697
397 1115
398 2226
399 3573
400 5491
401 4582
402 6498
403 9553
404 9607
405 8812
406 4378
407 9571
408 4030
409 7080
410 7755
411 7966
412 3689
413 5337
414 8941
415 8047
416 9385
417 6779
418 9190
419 3792
420 1920
421 1895
422 3457
423 2778
424 3995
425 2889
426 6915
427 6445
428 2963
429 3052
430 2968
431 255
432 2446
433 8454
434 1434
435 6308
436 4823
437 6107
438 5037
439 794
440 1460
441 8377
442 591
443 718
444 3964
445 2467
446 4665
447 2819
448 6143
449 8208
450 149
451 1477
452 8490
453 1107
454 7818
455 6489
456 3566
457 1420
458 8349
459 5256
460 9921
461 7884
462 4833
463 1315
464 7857
465 5850
466 577
467 3101
468 1768
469 692
470 1639
471 5012
472 5208
473 3498
474 517
475 3468
476 4048
477 3446
478 537
479 2333
480 61
481 3158
482 4359
483 4625
484 3404
485 5390
486 556
487 3644
488 3505
489 2631
490 2773
491 833
492 6711
493 7998
494 5675
495 8717
496 8544
497 2628
498 830
499 9531
500 6838
501 5084
502 2256
503 8265
504 9534
505 851
506 1861
507 1275
508 8289
509 1218
510 7194
511 4212
512 8998
513 3522
514 7915
515 706
516 9672
517 1953
518 6482
519 6841
520 3934
521 4462
522 4186
523 2483
524 1229
525 900
526 6772
527 9562
528 8002
529 117
530 2655
531 5087
532 3839
533 6265
534 1514
535 2937
536 5049
537 3758
538 7594
539 183
540 3422
541 1938
542 9259
543 2397
544 7735
545 8329
546 9158
547 4777
548 286
549 3862
550 70
551 8014
552 2300
553 6069
554 464
555 2054
556 5638
557 2259
558 9064
559 5906
560 6622
561 6610
562 6907
563 4954
564 3260
565 2866
566 1549
567 7158
568 3245
569 1028
570 6848
571 7631
572 4560
573 9900
574 933
575 6941
576 8615
577 2138
578 5793
579 763
580 838
581 5780
582 7062
583 6097
584 1143
585 7570
586 9481
587 2158
588 4707
589 4096
590 3133
591 8218
592 6165
593 3282
594 6409
595 5453
596 4918
597 3544
598 5959
599 5006
600 8268
601 5303
602 5296
603 4807
604 9091
605 9445
606 3618
607 1690
608 4800
609 9204
610 7800
611 4398
612 3352
613 9537
614 5706
615 2614
616 4521
617 5949
618 7782
619 8889
620 5720
621 3043
622 8904
623 8583
624 4198
625 8884
626 407
627 8573
628 5630
629 2956
630 3974
631 7475
632 9875
633 4249
634 5867
635 4113
636 351
637 2001
638 1394
639 3169
640 7023
641 7003
642 1559
643 6696
644 854
645 4513
646 5560
647 812
648 1568
649 7687
650 5282
651 2680
652 2274
653 9310
654 2670
655 2316
656 2361
657 5620
658 9508
659 7431
660 5368
661 162
662 510
663 2131
664 8736
665 6750
666 7589
667 5893
668 8138
669 3306
670 6980
671 8513
672 7988
673 7526
674 2065
675 8921
676 8867
677 8805
678 6879
679 6741
680 446
681 8680
682 2896
683 614
684 9783
685 8277
686 1911
687 7355
688 7008
689 5331
690 6006
691 1429
692 586
693 5715
694 2693
695 9603
696 1416
697 7880
698 826
699 523
700 2742
701 1885
702 3686
703 1892
704 4662
705 553
706 8541
707 2253
708 2297
709 7628
710 5790
711 4704
712 7779
713 2128
714 6003
715 1426
716 3116
717 1234
718 2837
719 9660
720 9009
721 1843
722 9462
723 9318
724 8655
725 8076
726 4590
727 1864
728 8415
729 3119
730 5547
731 3712
732 8929
733 7051
734 9687
735 4415
736 6339
737 3596
738 784
739 1777
740 1237
741 6101
742 4043
743 8862
744 9634
745 5567
746 8767
747 8108
748 2840
749 5149
750 1330
751 8847
752 4327
753 3434
754 5937
755 8122
756 8320
757 3805
758 5730
759 8526
760 5466
761 2088
762 9703
763 4696
764 7492
765 5698
766 2202
767 4539
768 7709
769 418
770 5277
771 6960
772 7452
773 6030
774 625
775 33
776 6012
777 9663
778 6553
779 1585
780 1166
781 9012
782 6437
783 1627
784 2375
785 1846
786 3868
787 8154
788 9474
789 1990
790 9489
791 5832
792 8970
793 9465
794 6885
795 3898
796 9615
797 527
798 9519
799 649
800 2459
801 2759
802 1614
803 5993
804 8948
805 1834
806 9321
807 1672
808 7314
809 9639
810 4293
811 8658
812 4409
813 3787
814 1278
815 414
816 6549
817 3197
818 8397
819 727
820 7293
821 1597
822 970
823 6456
824 5592
825 6657
826 5136
827 4430
828 5511
829 93
830 5232
831 8563
832 6295
833 5055
834 7404
835 6252
836 6993
837 6897
838 4647
839 9543
840 982
841 8079
842 4593
843 8148
844 658
845 2240
846 8298
847 8292
848 8355
849 8060
850 8257
851 9934
852 1576
853 1453
854 1153
855 199
856 4038
857 1311
858 4109
859 5679
860 4791
861 2918
862 4454
863 3727
864 7016
865 2167
866 3331
867 7958
868 8175
869 366
870 7838
871 4311
872 2797
873 3763
874 6363
875 6705
876 4206
877 7350
878 1221
879 3660
880 8637
881 7197
882 6042
883 9249
884 9102
885 6213
886 8778
887 9807
888 6090
889 7671
890 8721
891 6801
892 5031
893 3928
894 1147
895 9120
896 3266
897 4149
898 1504
899 3032
900 5922
901 3143
902 5523
903 9402
904 8742
905 5127
906 6873
907 9456
908 6261
909 5045
910 5292
911 4509
912 8917
913 7624
914 9630
915 9745
916 4947
917 8686
918 3057
919 4930
920 5844
921 1867
922 5986
923 1903
924 324
925 2973
926 5475
927 5412
928 4473
929 3814
930 5118
931 9171
932 6716
933 4215
934 1698
935 2026
936 4087
937 8820
938 6331
939 6189
940 342
941 4240
942 9823
943 1100
944 8857
945 7830
946 4221
947 9588
948 1084
949 8751
950 6123
951 2603
952 568
953 2529
954 9001
955 9954
956 3477
957 8418
958 757
959 3538
960 3941
961 605
962 3855
963 267
964 2306
965 9913
966 2046
967 424
968 480
969 205
970 5358
971 3525
972 3221
973 3122
974 8244
975 2746
976 2882
977 5550
978 4854
979 6132
980 9129
981 3715
982 5262
983 7918
984 2567
985 2870
986 4747
987 9693
988 9870
989 3429
990 2815
991 5786
992 7448
993 3327
994 8932
995 3317
996 7054
997 3401
998 1272
999 3519
1000 6479
1001 5903
1002 5003
1003 3040
1004 8570
1005 7985
1006 1889
1007 3593
1008 4324
1009 9700
1010 411
1011 7835
1012 3474
1013 9690
1014 1068
1015 804
1016 4418
1017 3378
1018 8133
1019 5113
1020 41
1021 3947
1022 8645
1023 4392
1024 395
1025 2340
1026 8936
1027 4144
1028 7459
1029 3554
1030 1721
1031 8548
1032 5219
1033 3512
1034 5972
1035 1283
1036 3531
1037 3321
1038 5862
1039 8361
1040 3176
1041 3667
1042 4254
1043 7260
1044 4863
1045 4013
1046 2549
1047 4847
1048 1176
1049 1826
1050 8030
1051 4688
1052 4497
1053 2706
1054 709
1055 7067
1056 7574
1057 1488
1058 4301
1059 2386
1060 1473
1061 5252
1062 57
1063 702
1064 9060
1065 7047
1066 5027
1067 7603
1068 1129
1069 4059
1070 7420
1071 5689
1072 2346
1073 4226
1074 3300
1075 7227
1076 4481
1077 6276
1078 9942
1079 7215
1080 9675
1081 4996
1082 864
1083 3917
1084 7089
1085 1956
1086 6767
1087 6182
1088 2102
1089 1071
1090 990
1091 3201
1092 1193
1093 2286
1094 920
1095 6523
1096 5760
1097 6565
1098 9236
1099 1606
1100 5826
1101 1483
1102 9498
1103 2075
1104 6756
1105 6390
1106 3775
1107 1926
1108 8401
1109 731
1110 5605
1111 1875
1112 5885
1113 3240
1114 807
1115 7487
1116 4504
1117 6485
1118 3640
1119 7190
1120 2479
1121 6844
1122 7058
1123 2833
1124 9485
1125 4643
1126 3937
1127 4843
1128 6814
1129 2698
1130 1257
1131 1116
1132 2227
1133 3574
1134 3675
1135 9776
1136 9218
1137 5492
1138 8366
1139 4583
1140 1947
1141 4103
1142 6731
1143 6499
1144 9554
1145 9608
1146 8813
1147 3208
1148 2181
1149 9766
1150 8833
1151 9328
1152 4379
1153 687
1154 9572
1155 4031
1156 6818
1157 9341
1158 6965
1159 1037
1160 891
1161 7081
1162 7390
1163 7756
1164 7967
1165 8795
1166 4127
1167 9749
1168 8251
1169 7657
1170 3690
1171 3825
1172 7366
1173 1400
1174 4760
1175 5338
1176 2983
1177 1354
1178 7252
1179 6922
1180 8942
1181 9281
1182 7297
1183 8048
1184 9386
1185 6780
1186 7538
1187 7607
1188 9191
1189 3793
1190 1921
1191 1896
1192 3458
1193 2779
1194 3996
1195 2890
1196 6342
1197 1982
1198 4271
1199 6916
1200 1659
1201 109
1202 6446
1203 4465
1204 9287
1205 2017
1206 4189
1207 3346
1208 2810
1209 2222
1210 2964
1211 3442
1212 1564
1213 3053
1214 2969
1215 2702
1216 7599
1217 2177
1218 3821
1219 3599
1220 3287
1221 1553
1222 256
1223 8554
1224 2499
1225 7038
1226 3889
1227 2447
1228 4421
1229 3957
1230 249
1231 1324
1232 8391
1233 1498
1234 8455
1235 1435
1236 4899
1237 787
1238 6309
1239 4824
1240 4440
1241 6108
1242 8496
1243 5038
1244 795
1245 1461
1246 2147
1247 6055
1248 8378
1249 592
1250 719
1251 3965
1252 2468
1253 6828
1254 5096
1255 4666
1256 2820
1257 457
1258 1537
1259 6144
1260 4607
1261 3603
1262 8209
1263 150
1264 5683
1265 7750
1266 1478
1267 886
1268 8491
1269 2586
1270 1108
1271 2189
1272 9577
1273 8533
1274 2486
1275 7819
1276 6084
1277 9046
1278 9415
1279 6490
1280 1133
1281 3381
1282 6116
1283 3227
1284 3567
1285 1421
1286 1667
1287 6652
1288 8350
1289 5257
1290 6762
1291 9922
1292 7885
1293 8445
1294 4834
1295 1316
1296 7858
1297 8983
1298 1703
1299 1261
1300 5851
1301 578
1302 7645
1303 8673
1304 3102
1305 1769
1306 693
1307 1640
1308 5013
1309 5209
1310 2591
1311 3080
1312 239
1313 330
1314 1364
1315 9791
1316 8069
1317 3499
1318 518
1319 2524
1320 3469
1321 2519
1322 4049
1323 3738
1324 4063
1325 6951
1326 5812
1327 3447
1328 538
1329 1120
1330 2334
1331 62
1332 3159
1333 3748
1334 4360
1335 5535
1336 4626
1337 3405
1338 5391
1339 557
1340 1780
1341 3645
1342 9435
1343 3506
1344 3291
1345 6472
1346 1406
1347 2632
1348 1240
1349 10
1350 3653
1351 2774
1352 1214
1353 834
1354 6712
1355 6561
1356 6386
1357 6104
1358 8346
1359 7995
1360 2625
1361 1226
1362 7999
1363 4951
1364 8733
1365 3683
1366 9931
1367 5676
1368 8718
1369 6798
1370 5409
1371 1695
1372 264
1373 8545
1374 5882
1375 2476
1376 1113
1377 4580
1378 3455
1379 4046
1380 2629
1381 831
1382 9532
1383 9670
1384 6839
1385 5085
1386 2935
1387 2257
1388 8266
1389 4805
1390 9535
1391 5628
1392 1557
1393 852
1394 5558
1395 5618
1396 8136
1397 8865
1398 2691
1399 7878
1400 1232
1401 1862
1402 5464
1403 9637
1404 1276
1405 8290
1406 4036
1407 6703
1408 1219
1409 7195
1410 9400
1411 6871
1412 5116
1413 4213
1414 6187
1415 8999
1416 2044
1417 3523
1418 7916
1419 7457
1420 707
1421 9673
1422 1954
1423 988
1424 3238
1425 6483
1426 6842
1427 2831
1428 3935
1429 6729
1430 8831
1431 2981
1432 107
1433 4463
1434 4187
1435 2220
1436 1322
1437 4438
1438 1535
1439 2484
1440 6949
1441 262
1442 1230
1443 6701
1444 2042
1445 2218
1446 260
1447 2033
1448 5485
1449 1093
1450 8690
1451 2231
1452 901
1453 6773
1454 9563
1455 2035
1456 2727
1457 7205
1458 4264
1459 8003
1460 118
1461 44
1462 640
1463 2656
1464 5088
1465 4168
1466 3840
1467 6266
1468 6035
1469 1515
1470 2938
1471 8558
1472 174
1473 3950
1474 9110
1475 7424
1476 910
1477 5050
1478 5487
1479 8486
1480 3759
1481 7595
1482 5612
1483 8237
1484 184
1485 1749
1486 3423
1487 9086
1488 4795
1489 6050
1490 2107
1491 1939
1492 5644
1493 6506
1494 6679
1495 2713
1496 9260
1497 6518
1498 2398
1499 5570
1500 295
1501 7736
1502 3061
1503 8330
1504 9305
1505 3578
1506 8770
1507 6200
1508 9159
1509 8428
1510 127
1511 8111
1512 388
1513 7585
1514 3679
1515 9842
1516 138
1517 306
1518 8600
1519 9846
1520 4778
1521 287
1522 3863
1523 1095
1524 9029
1525 3091
1526 71
1527 2503
1528 8015
1529 4732
1530 7165
1531 4970
1532 2301
1533 8692
1534 944
1535 9034
1536 8310
1537 5377
1538 6070
1539 465
1540 5428
1541 2055
1542 2233
1543 8577
1544 5693
1545 2494
1546 3733
1547 5639
1548 2260
1549 9065
1550 2922
1551 8089
1552 5907
1553 6623
1554 2843
1555 8648
1556 6611
1557 222
1558 1967
1559 6908
1560 903
1561 4955
1562 8166
1563 4528
1564 3261
1565 1601
1566 6775
1567 6903
1568 1307
1569 4395
1570 2250
1571 2867
1572 3297
1573 2099
1574 1550
1575 7582
1576 9839
1577 4729
1578 1304
1579 9969
1580 3096
1581 1448
1582 1382
1583 9948
1584 974
1585 9565
1586 5152
1587 7159
1588 9972
1589 7073
1590 2037
1591 8196
1592 1620
1593 76
1594 8697
1595 6424
1596 5193
1597 3246
1598 1029
1599 926
1600 7266
1601 6849
1602 7632
1603 8056
1604 9927
1605 9993
1606 1333
1607 4561
1608 433
1609 6858
1610 9901
1611 2729
1612 934
1613 7207
1614 6942
1615 1803
1616 8616
1617 6646
1618 6685
1619 1763
1620 2112
1621 4615
1622 2139
1623 2265
1624 5794
1625 2562
1626 7042
1627 4266
1628 5530
1629 764
1630 2647
1631 3628
1632 8005
1633 3893
1634 7510
1635 2451
1636 4070
1637 120
1638 839
1639 8850
1640 5781
1641 7063
1642 6098
1643 8523
1644 1144
1645 8748
1646 9126
1647 7571
1648 9482
1649 4967
1650 1800
1651 4330
1652 3272
1653 2159
1654 4654
1655 4708
1656 6430
1657 4097
1658 6793
1659 4175
1660 46
1661 4884
1662 3134
1663 642
1664 9266
1665 6460
1666 4934
1667 8219
1668 2421
1669 6166
1670 5898
1671 8129
1672 3283
1673 2582
1674 6410
1675 5930
1676 5454
1677 4919
1678 3437
1679 1377
1680 9209
1681 2658
1682 3545
1683 5960
1684 5007
1685 8269
1686 4333
1687 1346
1688 5304
1689 5297
1690 5090
1691 5940
1692 4170
1693 489
1694 4808
1695 9092
1696 7890
1697 9446
1698 7149
1699 3619
1700 5143
1701 8143
1702 7248
1703 1691
1704 4801
1705 6196
1706 8125
1707 9205
1708 7924
1709 8182
1710 7234
1711 5915
1712 7303
1713 9622
1714 7801
1715 4399
1716 7795
1717 3353
1718 5344
1719 9070
1720 3842
1721 6268
1722 8323
1723 1183
1724 9538
1725 6037
1726 4008
1727 7438
1728 7906
1729 5707
1730 3338
1731 2615
1732 4522
1733 6229
1734 7723
1735 5950
1736 7783
1737 5308
1738 8890
1739 6235
1740 5721
1741 3044
1742 1340
1743 8905
1744 3989
1745 3808
1746 5766
1747 6930
1748 3071
1749 1517
1750 2940
1751 8584
1752 4120
1753 4199
1754 3311
1755 7415
1756 8885
1757 8714
1758 180
1759 2667
1760 9780
1761 2125
1762 8560
1763 408
1764 1944
1765 9338
1766 9302
1767 8574
1768 4964
1769 2116
1770 777
1771 0
1772 9361
1773 1654
1774 5498
1775 7177
1776 9757
1777 9222
1778 5631
1779 2957
1780 5742
1781 3975
1782 7476
1783 9876
1784 2194
1785 2119
1786 2350
1787 274
1788 610
1789 4250
1790 2723
1791 176
1792 5868
1793 4891
1794 9894
1795 4114
1796 7278
1797 352
1798 2002
1799 819
1800 3952
1801 5733
1802 1395
1803 3275
1804 3170
1805 6402
1806 190
1807 2327
1808 6369
1809 7024
1810 317
1811 9185
1812 846
1813 8450
1814 7814
1815 9527
1816 7004
1817 780
1818 7400
1819 9584
1820 1560
1821 6697
1822 2719
1823 9272
1824 630
1825 855
1826 4514
1827 5561
1828 6578
1829 7898
1830 5066
1831 813
1832 3
1833 1569
1834 7688
1835 2162
1836 5283
1837 2681
1838 2275
1839 9311
1840 2671
1841 7928
1842 2317
1843 3109
1844 2362
1845 5621
1846 9509
1847 5576
1848 398
1849 7432
1850 5369
1851 163
1852 511
1853 2132
1854 5541
1855 4425
1856 8737
1857 6751
1858 4374
1859 4458
1860 7590
1861 8529
1862 5894
1863 8139
1864 3307
1865 5469
1866 6981
1867 4230
1868 8514
1869 7615
1870 7989
1871 2091
1872 214
1873 7527
1874 7696
1875 9503
1876 5174
1877 9706
1878 2412
1879 2066
1880 9112
1881 6987
1882 8922
1883 8868
1884 8806
1885 7426
1886 4657
1887 6880
1888 4054
1889 8191
1890 6742
1891 1523
1892 8041
1893 1732
1894 447
1895 8681
1896 142
1897 769
1898 2897
1899 615
1900 9784
1901 8278
1902 6019
1903 6159
1904 6534
1905 1912
1906 7356
1907 1251
1908 19
1909 7009
1910 912
1911 5332
1912 4699
1913 6007
1914 1430
1915 587
1916 6937
1917 5716
1918 2694
1919 9604
1920 4027
1921 3961
1922 1417
1923 7881
1924 827
1925 2652
1926 2394
1927 1163
1928 524
1929 5052
1930 9742
1931 2743
1932 1886
1933 38
1934 2343
1935 5602
1936 6811
1937 5489
1938 3687
1939 8939
1940 1893
1941 253
1942 4663
1943 8488
1944 5848
1945 3099
1946 554
1947 8542
1948 2254
1949 3860
1950 2298
1951 6608
1952 7629
1953 5791
1954 4705
1955 4094
1956 6407
1957 7780
1958 2129
1959 3304
1960 6004
1961 1427
1962 9601
1963 1414
1964 8539
1965 3117
1966 1235
1967 2838
1968 1328
1969 8120
1970 5728
1971 6958
1972 9661
1973 9010
1974 1844
1975 9472
1976 8968
1977 9463
1978 2757
1979 9319
1980 4291
1981 8656
1982 8395
1983 5134
1984 8077
1985 4591
1986 1451
1987 197
1988 2916
1989 3725
1990 8173
1991 3761
1992 4147
1993 1502
1994 5125
1995 1865
1996 5473
1997 8416
1998 478
1999 3120
2000 5548
2001 3713
2002 8930
2003 7052
2004 1270
2005 9688
2006 4416
2007 1873
2008 6340
2009 7597
2010 3597
2011 3887
2012 785
2013 1665
2014 237
2015 1778
2016 6470
2017 1238
2018 6102
2019 8344
2020 4044
2021 5616
2022 8863
2023 9635
2024 2979
2025 6947
2026 4166
2027 5568
2028 8768
2029 8109
2030 8308
2031 2492
2032 3731
2033 2841
2034 5150
2035 8054
2036 1331
2037 6644
2038 8848
2039 4328
2040 4882
2041 3435
2042 5938
2043 8123
2044 8321
2045 7721
2046 3806
2047 5496
2048 5731
2049 2325
2050 8527
2051 5467
2052 2089
2053 9704
2054 6985
2055 6017
2056 4697
2057 1161
2058 5726
2059 8966
2060 1871
2061 8342
2062 5614
2063 8340
2064 8338
2065 5179
2066 879
2067 7493
2068 1740
2069 5657
2070 5181
2071 8459
2072 5699
2073 8438
2074 2575
2075 2203
2076 4234
2077 881
2078 6154
2079 8098
2080 7495
2081 4540
2082 7864
2083 1742
2084 5659
2085 8518
2086 312
2087 5183
2088 4546
2089 7710
2090 419
2091 8239
2092 6139
2093 5278
2094 1064
2095 6961
2096 7453
2097 6031
2098 8233
2099 186
2100 626
2101 34
2102 6466
2103 6013
2104 9664
2105 6554
2106 1586
2107 3878
2108 1167
2109 9013
2110 4342
2111 6438
2112 1628
2113 1439
2114 2376
2115 9373
2116 2544
2117 6823
2118 2538
2119 1847
2120 3869
2121 8155
2122 8461
2123 9475
2124 5701
2125 9682
2126 8440
2127 2577
2128 1991
2129 9490
2130 4738
2131 5833
2132 8971
2133 4903
2134 9466
2135 1076
2136 6886
2137 3899
2138 9616
2139 5596
2140 528
2141 2367
2142 7375
2143 9520
2144 4978
2145 650
2146 5077
2147 6286
2148 2460
2149 7138
2150 9364
2151 2760
2152 1615
2153 1385
2154 5994
2155 7099
2156 2205
2157 8949
2158 1835
2159 9322
2160 1673
2161 7315
2162 9640
2163 1751
2164 4294
2165 7462
2166 6348
2167 8659
2168 4081
2169 1996
2170 4410
2171 3788
2172 4236
2173 3425
2174 1279
2175 1469
2176 791
2177 283
2178 9088
2179 4797
2180 415
2181 6550
2182 5990
2183 6292
2184 9951
2185 54
2186 3198
2187 9495
2188 8398
2189 728
2190 7387
2191 7294
2192 6052
2193 883
2194 9397
2195 1598
2196 971
2197 6855
2198 2109
2199 6457
2200 7231
2201 1941
2202 6156
2203 5593
2204 7384
2205 5646
2206 6658
2207 5137
2208 4431
2209 4485
2210 4941
2211 5512
2212 8100
2213 94
2214 8911
2215 5233
2216 6508
2217 3413
2218 977
2219 7534
2220 5808
2221 6681
2222 8564
2223 6313
2224 7497
2225 3151
2226 6296
2227 6544
2228 2715
2229 950
2230 4682
2231 5056
2232 6598
2233 7405
2234 3024
2235 6253
2236 6994
2237 6898
2238 4648
2239 9544
2240 9276
2241 983
2242 5649
2243 3557
2244 6280
2245 8080
2246 4594
2247 4555
2248 8149
2249 9262
2250 4542
2251 659
2252 1724
2253 2241
2254 8299
2255 8293
2256 4387
2257 9148
2258 7866
2259 4828
2260 8356
2261 2805
2262 8407
2263 5239
2264 599
2265 5350
2266 959
2267 7619
2268 1744
2269 4155
2270 8061
2271 4718
2272 8258
2273 5661
2274 9935
2275 1577
2276 1454
2277 634
2278 4075
2279 1154
2280 1022
2281 1544
2282 200
2283 1907
2284 4039
2285 9568
2286 1312
2287 4110
2288 7020
2289 6520
2290 5680
2291 4792
2292 2919
2293 8520
2294 314
2295 4455
2296 3728
2297 7017
2298 2168
2299 859
2300 5872
2301 7662
2302 5167
2303 3332
2304 7959
2305 8176
2306 367
2307 4711
2308 4444
2309 1646
2310 9079
2311 6414
2312 7789
2313 749
2314 6661
2315 2400
2316 7839
2317 4312
2318 2798
2319 6737
2320 3764
2321 5748
2322 9136
2323 6364
2324 9720
2325 6706
2326 4207
2327 6304
2328 7351
2329 7705
2330 6433
2331 2793
2332 6112
2333 1222
2334 5572
2335 3661
2336 7549
2337 8638
2338 7198
2339 6043
2340 7561
2341 5155
2342 9250
2343 9103
2344 6214
2345 8779
2346 9808
2347 297
2348 6091
2349 3743
2350 2508
2351 7672
2352 7738
2353 8722
2354 6802
2355 5032
2356 3929
2357 1148
2358 9121
2359 3267
2360 4150
2361 3063
2362 9424
2363 1505
2364 3387
2365 8500
2366 3033
2367 5923
2368 3144
2369 5524
2370 9346
2371 9403
2372 1010
2373 8743
2374 3984
2375 3215
2376 5128
2377 8332
2378 5185
2379 6874
2380 9457
2381 6326
2382 534
2383 6262
2384 5046
2385 5293
2386 4510
2387 9307
2388 8918
2389 7625
2390 9631
2391 801
2392 9773
2393 4100
2394 9746
2395 8551
2396 4948
2397 8828
2398 8687
2399 3058
2400 7162
2401 4931
2402 5140
2403 2664
2404 1651
2405 2409
2406 5845
2407 3722
2408 1868
2409 5987
2410 1904
2411 2406
2412 9178
2413 325
2414 2974
2415 5476
2416 5222
2417 5413
2418 4474
2419 3815
2420 5119
2421 9172
2422 6717
2423 675
2424 3580
2425 4216
2426 3515
2427 1699
2428 8669
2429 8229
2430 2027
2431 4088
2432 8821
2433 6332
2434 6358
2435 6190
2436 9975
2437 343
2438 4241
2439 4548
2440 8772
2441 4619
2442 7504
2443 9725
2444 9824
2445 1101
2446 7076
2447 8858
2448 7831
2449 4222
2450 8791
2451 8387
2452 4895
2453 1296
2454 3695
2455 9589
2456 1085
2457 1680
2458 8752
2459 6124
2460 3830
2461 2604
2462 569
2463 2530
2464 7712
2465 9002
2466 6202
2467 9955
2468 7973
2469 2640
2470 3478
2471 5200
2472 7112
2473 8419
2474 9161
2475 100
2476 8875
2477 758
2478 3539
2479 3942
2480 4839
2481 9214
2482 7653
2483 8979
2484 4434
2485 606
2486 9181
2487 3856
2488 2753
2489 8434
2490 8430
2491 268
2492 4160
2493 2307
2494 9914
2495 2047
2496 8760
2497 425
2498 481
2499 206
2500 7322
2501 5975
2502 8370
2503 5772
2504 7771
2505 1286
2506 5359
2507 1207
2508 8989
2509 129
2510 3526
2511 3222
2512 5320
2513 3123
2514 8245
2515 2747
2516 2883
2517 5551
2518 4350
2519 4855
2520 5446
2521 6133
2522 9130
2523 3716
2524 8113
2525 5263
2526 7919
2527 954
2528 6970
2529 2568
2530 4488
2531 82
2532 2171
2533 2990
2534 2871
2535 230
2536 4748
2537 9997
2538 2440
2539 5517
2540 9694
2541 7221
2542 390
2543 9871
2544 3430
2545 3534
2546 2816
2547 2155
2548 4518
2549 6693
2550 6747
2551 5787
2552 4587
2553 7449
2554 3328
2555 5042
2556 4944
2557 421
2558 8241
2559 3324
2560 8933
2561 3318
2562 7212
2563 7055
2564 6141
2565 147
2566 3402
2567 1273
2568 3520
2569 1951
2570 6480
2571 898
2572 1936
2573 68
2574 5904
2575 9898
2576 1141
2577 5004
2578 5301
2579 3041
2580 4196
2581 405
2582 8571
2583 7473
2584 5865
2585 5280
2586 508
2587 7587
2588 7986
2589 2063
2590 1890
2591 3594
2592 5565
2593 4325
2594 9701
2595 412
2596 4107
2597 364
2598 7836
2599 1901
2600 340
2601 9821
2602 3475
2603 4745
2604 9691
2605 8568
2606 1066
2607 5217
2608 3665
2609 4686
2610 862
2611 1069
2612 805
2613 8364
2614 3206
2615 6963
2616 1657
2617 2015
2618 4419
2619 247
2620 2145
2621 5094
2622 455
2623 3379
2624 328
2625 1212
2626 7993
2627 8731
2628 3681
2629 6796
2630 5407
2631 9668
2632 2933
2633 5626
2634 8134
2635 2689
2636 5114
2637 7455
2638 6727
2639 2040
2640 2031
2641 42
2642 6033
2643 172
2644 3948
2645 8235
2646 125
2647 136
2648 9844
2649 8646
2650 4393
2651 9967
2652 9946
2653 4068
2654 1798
2655 5913
2656 4118
2657 7175
2658 272
2659 188
2660 7398
2661 9582
2662 628
2663 396
2664 140
2665 1249
2666 36
2667 2341
2668 8937
2669 4092
2670 6956
2671 195
2672 4145
2673 6468
2674 2977
2675 4164
2676 6015
2677 310
2678 3876
2679 4340
2680 7460
2681 1467
2682 3555
2683 1722
2684 5165
2685 6735
2686 799
2687 8549
2688 5220
2689 3513
2690 5973
2691 1284
2692 228
2693 5515
2694 7219
2695 3532
2696 2153
2697 3322
2698 1934
2699 5863
2700 4743
2701 8362
2702 2143
2703 9666
2704 308
2705 1465
2706 5163
2707 2151
2708 5501
2709 3177
2710 3668
2711 4255
2712 6556
2713 7261
2714 5503
2715 1588
2716 3880
2717 4864
2718 1709
2719 4014
2720 2550
2721 4848
2722 1177
2723 8199
2724 1169
2725 8602
2726 1827
2727 6059
2728 2849
2729 9015
2730 9848
2731 6175
2732 7729
2733 3179
2734 8031
2735 4689
2736 4498
2737 2707
2738 5875
2739 3487
2740 1975
2741 710
2742 4344
2743 7180
2744 4780
2745 3611
2746 5479
2747 9714
2748 9885
2749 6440
2750 2269
2751 2311
2752 7443
2753 3670
2754 7068
2755 1372
2756 6603
2757 8382
2758 2435
2759 1630
2760 5325
2761 9760
2762 1529
2763 289
2764 1201
2765 5817
2766 7575
2767 1441
2768 1489
2769 7665
2770 5838
2771 6672
2772 4257
2773 4302
2774 2378
2775 7638
2776 2387
2777 9375
2778 8103
2779 2281
2780 6065
2781 9232
2782 1474
2783 5253
2784 9918
2785 58
2786 703
2787 2051
2788 9061
2789 7048
2790 8764
2791 3865
2792 5508
2793 5028
2794 3925
2795 1097
2796 2546
2797 5823
2798 7604
2799 6825
2800 1130
2801 4060
2802 9432
2803 6558
2804 4577
2805 7421
2806 6503
2807 9031
2808 5690
2809 3093
2810 73
2811 7263
2812 9299
2813 5739
2814 2347
2815 7895
2816 4227
2817 3301
2818 1267
2819 9679
2820 7228
2821 4482
2822 6277
2823 596
2824 7546
2825 2505
2826 5443
2827 9943
2828 1795
2829 7216
2830 5505
2831 9676
2832 4989
2833 4997
2834 2996
2835 865
2836 1054
2837 9040
2838 1590
2839 3918
2840 2785
2841 8017
2842 7090
2843 1957
2844 3463
2845 6768
2846 1623
2847 723
2848 6183
2849 2103
2850 2095
2851 429
2852 485
2853 210
2854 2540
2855 1072
2856 991
2857 3882
2858 5315
2859 4866
2860 1711
2861 7332
2862 1849
2863 6078
2864 4016
2865 4002
2866 2927
2867 2552
2868 3358
2869 4850
2870 1300
2871 1179
2872 5170
2873 4734
2874 671
2875 7469
2876 3202
2877 8201
2878 5225
2879 1194
2880 2287
2881 25
2882 6633
2883 8186
2884 9960
2885 7553
2886 9225
2887 921
2888 6524
2889 3969
2890 1171
2891 5761
2892 3871
2893 5019
2894 663
2895 6566
2896 8478
2897 7167
2898 8157
2899 3008
2900 8604
2901 9237
2902 9651
2903 7326
2904 7118
2905 7238
2906 8463
2907 1607
2908 5827
2909 1829
2910 1484
2911 2472
2912 8596
2913 9499
2914 6540
2915 6061
2916 1002
2917 2076
2918 7282
2919 9514
2920 6757
2921 6391
2922 3776
2923 5416
2924 4972
2925 1927
2926 8402
2927 4871
2928 732
2929 5606
2930 2851
2931 1876
2932 9017
2933 5886
2934 9850
2935 1819
2936 6177
2937 7911
2938 9558
2939 7731
2940 5634
2941 3241
2942 9477
2943 1390
2944 808
2945 5999
2946 7488
2947 4505
2948 4992
2949 2960
2950 8205
2951 6486
2952 3641
2953 7191
2954 2480
2955 6845
2956 7059
2957 5703
2958 5712
2959 2834
2960 8412
2961 9684
2962 5934
2963 9486
2964 9612
2965 7290
2966 5229
2967 4644
2968 5919
2969 9168
2970 8817
2971 754
2972 3938
2973 2303
2974 5000
2975 8642
2976 4844
2977 6815
2978 2699
2979 8442
2980 1258
2981 1117
2982 3452
2983 2228
2984 7202
2985 6047
2986 3575
2987 3676
2988 8694
2989 2579
2990 3335
2991 3068
2992 7412
2993 9777
2994 9219
2995 6575
2996 6641
2997 5493
2998 1993
2999 9492
3000 5805
3001 5745
3002 3981
3003 3212
3004 7109
3005 97
3006 8976
3007 8367
3008 79
3009 4584
3010 1948
3011 4104
3012 6732
3013 4740
3014 1198
3015 5835
3016 9429
3017 6500
3018 8475
3019 9555
3020 9609
3021 8814
3022 5802
3023 3978
3024 3209
3025 8973
3026 2182
3027 3181
3028 7479
3029 9767
3030 4905
3031 7847
3032 8033
3033 8834
3034 9329
3035 4380
3036 356
3037 9153
3038 3128
3039 6975
3040 4691
3041 5247
3042 7962
3043 688
3044 4500
3045 9573
3046 4032
3047 2709
3048 218
3049 9468
3050 6819
3051 946
3052 9342
3053 6966
3054 9036
3055 1038
3056 1078
3057 5877
3058 4178
3059 1042
3060 892
3061 3489
3062 6582
3063 2291
3064 49
3065 7104
3066 6888
3067 2999
3068 7082
3069 7391
3070 7757
3071 8312
3072 4137
3073 1977
3074 9737
3075 7968
3076 8796
3077 4635
3078 4770
3079 1813
3080 712
3081 4128
3082 4569
3083 5379
3084 3901
3085 3188
3086 9750
3087 8252
3088 2185
3089 9618
3090 5598
3091 7371
3092 6594
3093 7658
3094 1006
3095 530
3096 3691
3097 3826
3098 4346
3099 9647
3100 4766
3101 3184
3102 7367
3103 7182
3104 7565
3105 1401
3106 4761
3107 7344
3108 2369
3109 7377
3110 6221
3111 7307
3112 7031
3113 6832
3114 5339
3115 2984
3116 1355
3117 7253
3118 6923
3119 9198
3120 8943
3121 7482
3122 9282
3123 7298
3124 9522
3125 8049
3126 4980
3127 9387
3128 6781
3129 652
3130 7272
3131 5060
3132 6072
3133 7539
3134 5100
3135 9831
3136 7608
3137 467
3138 5430
3139 9192
3140 4782
3141 3794
3142 5979
3143 3395
3144 5079
3145 3613
3146 1922
3147 5481
3148 4887
3149 1728
3150 6288
3151 9144
3152 9716
3153 1897
3154 6723
3155 5159
3156 9295
3157 3459
3158 8700
3159 2780
3160 3997
3161 543
3162 4670
3163 2824
3164 2891
3165 4755
3166 6343
3167 7950
3168 868
3169 6588
3170 1983
3171 9887
3172 4272
3173 2057
3174 9879
3175 6666
3176 2462
3177 6917
3178 1660
3179 110
3180 7140
3181 6447
3182 3137
3183 9366
3184 4466
3185 742
3186 9288
3187 2018
3188 4190
3189 2762
3190 1057
3191 2080
3192 9254
3193 3347
3194 2197
3195 2235
3196 8579
3197 29
3198 645
3199 5288
3200 2811
3201 1125
3202 4477
3203 5756
3204 7186
3205 2223
3206 6442
3207 3049
3208 2965
3209 4820
3210 8374
3211 3443
3212 4183
3213 1511
3214 461
3215 6619
3216 5956
3217 1565
3218 2271
3219 2313
3220 443
3221 5695
3222 8914
3223 3054
3224 4927
3225 2970
3226 7445
3227 2703
3228 5024
3229 7600
3230 1190
3231 3672
3232 2178
3233 3822
3234 3343
3235 3818
3236 2496
3237 3600
3238 9043
3239 8066
3240 3735
3241 3288
3242 1554
3243 2215
3244 257
3245 8555
3246 9107
3247 5641
3248 8425
3249 2500
3250 7070
3251 1617
3252 1760
3253 2262
3254 2559
3255 7039
3256 3890
3257 2448
3258 6427
3259 1374
3260 8179
3261 9067
3262 1337
3263 2122
3264 774
3265 9269
3266 4422
3267 3958
3268 250
3269 6605
3270 1325
3271 8392
3272 2913
3273 1499
3274 5122
3275 4879
3276 7718
3277 5654
3278 8456
3279 6463
3280 1436
3281 4900
3282 788
3283 7531
3284 6310
3285 3021
3286 4825
3287 5236
3288 4715
3289 1541
3290 4441
3291 6109
3292 8497
3293 9770
3294 8825
3295 9175
3296 8384
3297 2437
3298 5039
3299 796
3300 1462
3301 2148
3302 6056
3303 8379
3304 593
3305 720
3306 2924
3307 668
3308 3966
3309 2469
3310 1387
3311 5996
3312 6572
3313 7101
3314 4134
3315 4632
3316 6218
3317 6829
3318 5097
3319 6720
3320 4667
3321 2821
3322 458
3323 2910
3324 4876
3325 1538
3326 9353
3327 6145
3328 3768
3329 4608
3330 8091
3331 3604
3332 995
3333 8210
3334 151
3335 2207
3336 3699
3337 1632
3338 5944
3339 5684
3340 7751
3341 3165
3342 5327
3343 4535
3344 1593
3345 5858
3346 1479
3347 9762
3348 887
3349 8492
3350 2587
3351 1109
3352 1531
3353 291
3354 2190
3355 9597
3356 4937
3357 1203
3358 5909
3359 9578
3360 3921
3361 5819
3362 5798
3363 1809
3364 4565
3365 7577
3366 1443
3367 8534
3368 2487
3369 2788
3370 7519
3371 2946
3372 9052
3373 2353
3374 8783
3375 7820
3376 678
3377 6085
3378 9356
3379 9047
3380 4908
3381 9416
3382 4723
3383 6491
3384 1491
3385 8222
3386 1134
3387 5582
3388 3253
3389 3382
3390 6148
3391 6117
3392 2513
3393 4676
3394 3228
3395 6625
3396 2424
3397 7850
3398 5270
3399 3568
3400 5776
3401 8801
3402 7775
3403 1422
3404 1668
3405 6653
3406 6893
3407 8351
3408 7667
3409 9626
3410 5840
3411 5258
3412 6763
3413 3771
3414 9923
3415 7886
3416 8446
3417 4835
3418 9817
3419 2845
3420 4985
3421 3004
3422 7946
3423 9593
3424 378
3425 2620
3426 1317
3427 6674
3428 6788
3429 8036
3430 7859
3431 8984
3432 1704
3433 1262
3434 3583
3435 7132
3436 5852
3437 8951
3438 9800
3439 579
3440 6318
3441 7646
3442 9982
3443 8837
3444 8650
3445 4259
3446 4022
3447 8674
3448 9023
3449 3103
3450 1047
3451 1770
3452 694
3453 4304
3454 1641
3455 5014
3456 2380
3457 5458
3458 5071
3459 5210
3460 2592
3461 3081
3462 240
3463 331
3464 9332
3465 6613
3466 437
3467 8704
3468 1365
3469 7805
3470 9792
3471 1837
3472 8070
3473 3500
3474 2877
3475 519
3476 2525
3477 3470
3478 9324
3479 1033
3480 2520
3481 1089
3482 4611
3483 7902
3484 4050
3485 8094
3486 4383
3487 3739
3488 5196
3489 4064
3490 6952
3491 224
3492 3607
3493 5813
3494 998
3495 7286
3496 3448
3497 6637
3498 539
3499 1121
3500 4923
3501 3249
3502 374
3503 370
3504 8213
3505 2335
3506 7640
3507 2245
3508 2389
3509 1675
3510 7317
3511 63
3512 9642
3513 3160
3514 9812
3515 154
3516 7680
3517 1290
3518 8957
3519 3749
3520 1969
3521 9377
3522 1753
3523 2902
3524 4361
3525 8506
3526 6910
3527 4296
3528 905
3529 301
3530 5536
3531 737
3532 4627
3533 4282
3534 3406
3535 5392
3536 558
3537 6511
3538 1781
3539 8020
3540 4957
3541 3646
3542 9436
3543 3416
3544 4403
3545 7979
3546 3634
3547 5363
3548 3507
3549 3292
3550 6419
3551 8168
3552 8303
3553 7700
3554 359
3555 7464
3556 2210
3557 4530
3558 6350
3559 6473
3560 1407
3561 2633
3562 3702
3563 8661
3564 2006
3565 1854
3566 382
3567 7093
3568 277
3569 6169
3570 9731
3571 1241
3572 498
3573 1960
3574 3365
3575 11
3576 9858
3577 1684
3578 4448
3579 3654
3580 3588
3581 1635
3582 4083
3583 3374
3584 2775
3585 1215
3586 8612
3587 835
3588 1998
3589 823
3590 4412
3591 8105
3592 3263
3593 6713
3594 2283
3595 6562
3596 1603
3597 6387
3598 4640
3599 9383
3600 6777
3601 3790
3602 6105
3603 8347
3604 3466
3605 7996
3606 2626
3607 1227
3608 8000
3609 9156
3610 4775
3611 8012
3612 6067
3613 6905
3614 4952
3615 2864
3616 6095
3617 3131
3618 4916
3619 5947
3620 160
3621 8734
3622 6978
3623 8275
3624 3684
3625 4694
3626 980
3627 9932
3628 1309
3629 5677
3630 8719
3631 6799
3632 5410
3633 1696
3634 4238
3635 4219
3636 1082
3637 265
3638 3427
3639 5901
3640 4322
3641 5111
3642 1719
3643 8546
3644 1281
3645 1471
3646 5250
3647 5687
3648 9234
3649 2073
3650 5883
3651 2477
3652 1114
3653 4581
3654 6497
3655 7754
3656 7965
3657 3456
3658 793
3659 1476
3660 5255
3661 9920
3662 691
3663 4047
3664 60
3665 4358
3666 2630
3667 832
3668 8264
3669 9533
3670 705
3671 9671
3672 6840
3673 6771
3674 5086
3675 2936
3676 285
3677 2053
3678 2258
3679 9063
3680 7569
3681 8217
3682 8267
3683 4806
3684 9090
3685 9444
3686 4799
3687 7799
3688 4397
3689 9536
3690 8883
3691 5629
3692 350
3693 3168
3694 1558
3695 853
3696 5559
3697 7686
3698 5619
3699 9507
3700 8137
3701 8866
3702 613
3703 5330
3704 585
3705 2692
3706 7879
3707 2252
3708 1233
3709 9008
3710 1863
3711 3711
3712 8928
3713 7050
3714 8766
3715 3804
3716 5465
3717 4538
3718 417
3719 6552
3720 1626
3721 3867
3722 1989
3723 5992
3724 7313
3725 9638
3726 3786
3727 1277
3728 726
3729 1596
3730 5510
3731 6294
3732 8297
3733 8291
3734 4037
3735 4790
3736 6704
3737 7349
3738 1220
3739 8636
3740 7196
3741 5030
3742 3927
3743 9401
3744 6872
3745 5117
3746 4214
3747 6188
3748 1099
3749 7829
3750 9000
3751 9953
3752 2045
3753 3524
3754 6131
3755 7917
3756 2566
3757 2869
3758 9869
3759 3518
3760 8132
3761 4391
3762 2339
3763 7458
3764 5861
3765 4253
3766 2548
3767 708
3768 2385
3769 56
3770 7046
3771 3299
3772 9674
3773 1955
3774 2101
3775 989
3776 3200
3777 5825
3778 1482
3779 9497
3780 8400
3781 730
3782 3239
3783 4503
3784 6484
3785 6843
3786 2832
3787 3936
3788 6730
3789 9765
3790 8832
3791 890
3792 7389
3793 8250
3794 7365
3795 2982
3796 7296
3797 7537
3798 7606
3799 4270
3800 108
3801 4464
3802 4188
3803 2221
3804 3441
3805 3286
3806 1552
3807 3956
3808 1323
3809 4439
3810 8495
3811 6054
3812 6827
3813 1536
3814 7749
3815 885
3816 2585
3817 9576
3818 2485
3819 6083
3820 1132
3821 1702
3822 7644
3823 8672
3824 2590
3825 4062
3826 6950
3827 5811
3828 3747
3829 5534
3830 9434
3831 1405
3832 9
3833 6560
3834 2624
3835 263
3836 5881
3837 1112
3838 4579
3839 5557
3840 1231
3841 5463
3842 4035
3843 6702
3844 9399
3845 6186
3846 2043
3847 2219
3848 1321
3849 1534
3850 261
3851 2034
3852 2726
3853 7423
3854 5486
3855 5611
3856 2106
3857 6505
3858 6678
3859 2712
3860 294
3861 7584
3862 9841
3863 1094
3864 4731
3865 8691
3866 943
3867 9033
3868 2232
3869 5692
3870 221
3871 902
3872 8165
3873 4527
3874 1600
3875 6774
3876 1306
3877 2249
3878 2098
3879 7581
3880 9838
3881 3095
3882 1447
3883 1381
3884 973
3885 9564
3886 9971
3887 2036
3888 75
3889 5192
3890 7265
3891 432
3892 6857
3893 2728
3894 7206
3895 6684
3896 2111
3897 4265
3898 2646
3899 8004
3900 119
3901 4653
3902 6792
3903 4174
3904 45
3905 641
3906 6459
3907 2657
3908 1345
3909 5089
3910 4169
3911 488
3912 6195
3913 7233
3914 3841
3915 6267
3916 6036
3917 6228
3918 6234
3919 1516
3920 2939
3921 179
3922 8559
3923 1943
3924 9301
3925 4963
3926 5741
3927 2193
3928 2349
3929 175
3930 9893
3931 3951
3932 7813
3933 7897
3934 4229
3935 213
3936 9111
3937 7425
3938 8190
3939 8040
3940 768
3941 6158
3942 911
3943 2651
3944 2393
3945 5051
3946 5488
3947 8487
3948 3098
3949 3303
3950 9600
3951 1413
3952 8538
3953 9471
3954 4290
3955 1450
3956 3760
3957 1269
3958 7596
3959 3886
3960 236
3961 2491
3962 2324
3963 1160
3964 8965
3965 5613
3966 5178
3967 6153
3968 7863
3969 8238
3970 8232
3971 185
3972 9372
3973 2543
3974 6822
3975 9681
3976 1075
3977 5595
3978 5076
3979 7137
3980 1384
3981 1750
3982 3424
3983 9087
3984 4796
3985 9950
3986 7386
3987 6051
3988 9396
3989 2108
3990 7230
3991 1940
3992 7383
3993 5645
3994 4484
3995 4940
3996 8910
3997 6507
3998 3412
3999 976
4000 6680
4001 2714
4002 949
4003 5648
4004 6279
4005 9261
4006 598
4007 5349
4008 9567
4009 6519
4010 5871
4011 6413
4012 6660
4013 2399
4014 6303
4015 2792
4016 5571
4017 7548
4018 5154
4019 296
4020 2507
4021 7737
4022 3062
4023 9345
4024 8331
4025 9306
4026 7161
4027 5139
4028 2663
4029 1650
4030 2405
4031 3579
4032 8668
4033 9974
4034 8771
4035 7503
4036 7075
4037 4894
4038 1679
4039 6201
4040 2639
4041 9160
4042 9213
4043 4433
4044 2752
4045 8429
4046 7321
4047 7770
4048 1206
4049 8988
4050 128
4051 5319
4052 5445
4053 8112
4054 6969
4055 4487
4056 389
4057 4943
4058 897
4059 67
4060 9897
4061 404
4062 7586
4063 8567
4064 1211
4065 3680
4066 2039
4067 2030
4068 9843
4069 9966
4070 9945
4071 1797
4072 5912
4073 4117
4074 9581
4075 139
4076 4091
4077 5514
4078 7218
4079 307
4080 1708
4081 8198
4082 8601
4083 9847
4084 7728
4085 4779
4086 6602
4087 1528
4088 288
4089 8102
4090 3864
4091 5507
4092 3924
4093 1096
4094 5822
4095 9030
4096 3092
4097 72
4098 1266
4099 9678
4100 7545
4101 2504
4102 5442
4103 1053
4104 9039
4105 2784
4106 8016
4107 1622
4108 4001
4109 3357
4110 4733
4111 7166
4112 7281
4113 4971
4114 4870
4115 1818
4116 4991
4117 5933
4118 2302
4119 4999
4120 8693
4121 96
4122 78
4123 5801
4124 355
4125 9152
4126 945
4127 9035
4128 1041
4129 2998
4130 8311
4131 1812
4132 4568
4133 5378
4134 9646
4135 4765
4136 7271
4137 6071
4138 466
4139 5429
4140 8699
4141 867
4142 2056
4143 1056
4144 2234
4145 8578
4146 4819
4147 4182
4148 1510
4149 5955
4150 5694
4151 8913
4152 2495
4153 9042
4154 3734
4155 5640
4156 1759
4157 2261
4158 6426
4159 9066
4160 5235
4161 4714
4162 8824
4163 2923
4164 6571
4165 9352
4166 8090
4167 994
4168 3164
4169 1592
4170 5908
4171 3920
4172 1808
4173 2787
4174 5581
4175 2512
4176 6624
4177 9816
4178 2844
4179 7131
4180 9799
4181 9981
4182 8649
4183 4021
4184 1046
4185 5457
4186 5070
4187 6612
4188 1032
4189 5195
4190 223
4191 4922
4192 3248
4193 1968
4194 6909
4195 904
4196 6510
4197 8019
4198 4956
4199 3415
4200 7978
4201 8167
4202 4529
4203 2005
4204 7092
4205 1959
4206 4447
4207 3587
4208 822
4209 3262
4210 1602
4211 6776
4212 3465
4213 6904
4214 159
4215 979
4216 1308
4217 1081
4218 2072
4219 4357
4220 6770
4221 4396
4222 349
4223 7685
4224 2251
4225 1625
4226 725
4227 7348
4228 7828
4229 2868
4230 9868
4231 3298
4232 2100
4233 7536
4234 3440
4235 1551
4236 3955
4237 5810
4238 5880
4239 6185
4240 2105
4241 7583
4242 9840
4243 4730
4244 942
4245 8164
4246 1305
4247 2097
4248 7580
4249 1446
4250 1380
4251 9970
4252 431
4253 6683
4254 2645
4255 487
4256 212
4257 3097
4258 8537
4259 4289
4260 1449
4261 3885
4262 2490
4263 2542
4264 1074
4265 7136
4266 1383
4267 9949
4268 975
4269 5348
4270 9566
4271 6302
4272 2791
4273 5153
4274 7160
4275 2662
4276 1649
4277 9973
4278 7074
4279 9212
4280 5318
4281 896
4282 8566
4283 2038
4284 9965
4285 8197
4286 1621
4287 4869
4288 77
4289 8698
4290 4818
4291 4181
4292 6425
4293 993
4294 9980
4295 1045
4296 1031
4297 5194
4298 3247
4299 158
4300 7684
4301 8163
4302 3884
4303 2661
4304 5317
4305 895
4306 9964
4307 4868
4308 1030
4309 927
4310 7522
4311 9710
4312 7267
4313 2949
4314 9055
4315 6850
4316 7633
4317 3492
4318 967
4319 90
4320 8057
4321 9928
4322 9994
4323 6585
4324 1334
4325 4562
4326 6315
4327 434
4328 6859
4329 1713
4330 9902
4331 2730
4332 7334
4333 935
4334 7208
4335 6375
4336 928
4337 8591
4338 9082
4339 6943
4340 7499
4341 1804
4342 8617
4343 3548
4344 6647
4345 6686
4346 2356
4347 620
4348 1764
4349 7523
4350 2113
4351 4616
4352 2140
4353 9711
4354 2266
4355 5736
4356 5795
4357 1851
4358 4319
4359 2563
4360 7043
4361 4267
4362 6080
4363 5531
4364 765
4365 2648
4366 7268
4367 4018
4368 3629
4369 8006
4370 3014
4371 2950
4372 3153
4373 6335
4374 3894
4375 9056
4376 4004
4377 6851
4378 8756
4379 2929
4380 7634
4381 7676
4382 7511
4383 2416
4384 2452
4385 8786
4386 4071
4387 121
4388 6298
4389 840
4390 8851
4391 3493
4392 9074
4393 2554
4394 3360
4395 7823
4396 681
4397 6246
4398 5782
4399 2294
4400 6546
4401 7064
4402 115
4403 6099
4404 8524
4405 2373
4406 968
4407 91
4408 8058
4409 6361
4410 6088
4411 1145
4412 8749
4413 5356
4414 4852
4415 9127
4416 7572
4417 9483
4418 1398
4419 9929
4420 4968
4421 1302
4422 1801
4423 4331
4424 1181
4425 9359
4426 3273
4427 2717
4428 2160
4429 5172
4430 4655
4431 6532
4432 4736
4433 52
4434 4709
4435 6431
4436 4098
4437 673
4438 1294
4439 952
4440 9995
4441 7471
4442 5215
4443 4684
4444 3204
4445 6794
4446 8203
4447 5227
4448 7107
4449 1196
4450 4176
4451 2289
4452 47
4453 5058
4454 4885
4455 6586
4456 3135
4457 27
4458 643
4459 1335
4460 9267
4461 6461
4462 2908
4463 5856
4464 4935
4465 4563
4466 7517
4467 9050
4468 8220
4469 2422
4470 6891
4471 3002
4472 6316
4473 435
4474 6635
4475 8955
4476 6417
4477 6167
4478 5899
4479 8130
4480 3284
4481 2583
4482 6193
4483 8188
4484 7381
4485 6411
4486 6600
4487 5931
4488 5455
4489 4920
4490 2070
4491 9866
4492 3438
4493 1378
4494 4287
4495 9210
4496 9978
4497 2659
4498 9962
4499 3546
4500 6860
4501 3846
4502 7555
4503 7407
4504 4911
4505 1714
4506 3026
4507 6255
4508 5961
4509 5008
4510 6862
4511 4602
4512 6996
4513 8993
4514 9410
4515 9419
4516 9227
4517 8270
4518 9903
4519 2731
4520 7335
4521 4334
4522 936
4523 1347
4524 547
4525 6900
4526 4726
4527 923
4528 7792
4529 5305
4530 7209
4531 5298
4532 5091
4533 5404
4534 5941
4535 4650
4536 4171
4537 6225
4538 490
4539 4809
4540 6376
4541 9093
4542 3848
4543 2597
4544 929
4545 3278
4546 3234
4547 7557
4548 7891
4549 8592
4550 5752
4551 8470
4552 6526
4553 5398
4554 9447
4555 9546
4556 7150
4557 3620
4558 5144
4559 8144
4560 6272
4561 3971
4562 7955
4563 9804
4564 1173
4565 7249
4566 9278
4567 1692
4568 4802
4569 985
4570 8483
4571 9083
4572 6197
4573 8126
4574 9206
4575 5763
4576 7925
4577 6944
4578 7172
4579 3873
4580 8183
4581 7235
4582 5916
4583 7409
4584 7844
4585 7304
4586 3392
4587 5021
4588 5651
4589 665
4590 9623
4591 7802
4592 4400
4593 4913
4594 1716
4595 6494
4596 7796
4597 6128
4598 7500
4599 3354
4600 6568
4601 1805
4602 346
4603 5345
4604 9071
4605 3843
4606 6269
4607 8480
4608 7169
4609 8324
4610 4244
4611 1184
4612 3834
4613 9539
4614 6038
4615 9116
4616 3028
4617 6257
4618 4009
4619 7085
4620 1494
4621 7874
4622 7145
4623 6398
4624 8225
4625 1137
4626 7439
4627 1791
4628 7907
4629 5708
4630 3339
4631 2616
4632 4523
4633 6230
4634 9392
4635 7766
4636 7724
4637 5951
4638 7127
4639 8159
4640 3010
4641 8606
4642 7784
4643 5309
4644 9239
4645 8618
4646 8891
4647 8627
4648 7742
4649 8726
4650 7937
4651 5963
4652 9653
4653 6236
4654 3559
4655 8899
4656 3549
4657 6648
4658 5722
4659 6282
4660 4551
4661 7394
4662 7328
4663 3045
4664 7942
4665 1341
4666 8961
4667 8906
4668 7870
4669 7760
4670 3990
4671 3809
4672 5767
4673 7120
4674 8082
4675 7240
4676 6931
4677 6687
4678 4596
4679 3072
4680 8315
4681 1518
4682 2941
4683 8465
4684 8585
4685 5585
4686 4121
4687 4200
4688 3753
4689 1609
4690 3312
4691 3256
4692 2357
4693 621
4694 4140
4695 7416
4696 1765
4697 4557
4698 8886
4699 8151
4700 5829
4701 1831
4702 8775
4703 9453
4704 3173
4705 5010
4706 8715
4707 181
4708 8327
4709 4247
4710 2668
4711 7524
4712 9781
4713 2126
4714 8561
4715 6991
4716 409
4717 1486
4718 1945
4719 9339
4720 1980
4721 1362
4722 9789
4723 6384
4724 2474
4725 9303
4726 8598
4727 3089
4728 8575
4729 9991
4730 3626
4731 4965
4732 9264
4733 2114
4734 2117
4735 817
4736 844
4737 778
4738 1
4739 9501
4740 9740
4741 6405
4742 1738
4743 2573
4744 4544
4745 9362
4746 6542
4747 3385
4748 6324
4749 4617
4750 7971
4751 1655
4752 1247
4753 193
4754 2141
4755 5499
4756 1973
4757 7178
4758 9712
4759 2267
4760 9758
4761 6063
4762 5737
4763 6631
4764 9223
4765 661
4766 5632
4767 2958
4768 752
4769 5743
4770 3976
4771 7477
4772 1004
4773 1726
4774 9877
4775 6664
4776 2078
4777 2195
4778 2120
4779 5796
4780 2351
4781 4674
4782 8799
4783 6786
4784 7284
4785 2243
4786 4280
4787 3632
4788 8301
4789 1852
4790 275
4791 8610
4792 4638
4793 9381
4794 4773
4795 4320
4796 611
4797 583
4798 8926
4799 7311
4800 8295
4801 4788
4802 2564
4803 4389
4804 4251
4805 7044
4806 4268
4807 6081
4808 5532
4809 7
4810 2724
4811 177
4812 766
4813 2649
4814 6151
4815 5869
4816 2403
4817 4892
4818 9895
4819 4115
4820 7279
4821 1816
4822 353
4823 9150
4824 7269
4825 1757
4826 4019
4827 2003
4828 820
4829 3953
4830 5734
4831 4317
4832 1396
4833 2906
4834 7515
4835 3276
4836 7842
4837 7764
4838 7125
4839 7868
4840 3171
4841 6403
4842 6322
4843 191
4844 3630
4845 4315
4846 2328
4847 6370
4848 8007
4849 7025
4850 3015
4851 6864
4852 8283
4853 318
4854 2768
4855 2951
4856 9186
4857 3154
4858 847
4859 8451
4860 715
4861 7815
4862 4830
4863 2330
4864 9528
4865 7005
4866 6336
4867 781
4868 3895
4869 9516
4870 7401
4871 1573
4872 9585
4873 6120
4874 8358
4875 4494
4876 9057
4877 2807
4878 1561
4879 7035
4880 4604
4881 6759
4882 2516
4883 2828
4884 6698
4885 4005
4886 2720
4887 6852
4888 9273
4889 631
4890 856
4891 7650
4892 8757
4893 4515
4894 5562
4895 2930
4896 7635
4897 8409
4898 6579
4899 4131
4900 7899
4901 7677
4902 5067
4903 6372
4904 6243
4905 814
4906 4
4907 7512
4908 1570
4909 7689
4910 4365
4911 2163
4912 2417
4913 7692
4914 5284
4915 2682
4916 5106
4917 9986
4918 2453
4919 2276
4920 4572
4921 6393
4922 9312
4923 6024
4924 5382
4925 3778
4926 5418
4927 2672
4928 7929
4929 5241
4930 2318
4931 3904
4932 3110
4933 2738
4934 601
4935 2363
4936 4974
4937 8787
4938 5622
4939 9510
4940 5577
4941 5352
4942 6998
4943 399
4944 961
4945 8841
4946 7433
4947 1929
4948 493
4949 4368
4950 5370
4951 164
4952 2608
4953 512
4954 2133
4955 5542
4956 5671
4957 4426
4958 8738
4959 5968
4960 6752
4961 4375
4962 4622
4963 8995
4964 4459
4965 7591
4966 7621
4967 3914
4968 8530
4969 9412
4970 1746
4971 7507
4972 5895
4973 8140
4974 3308
4975 5470
4976 6982
4977 4231
4978 8515
4979 2535
4980 4679
4981 8404
4982 7616
4983 4072
4984 9421
4985 6355
4986 8872
4987 4157
4988 7990
4989 2686
4990 122
4991 133
4992 3484
4993 9229
4994 2092
4995 215
4996 1187
4997 8063
4998 7528
4999 4873
5000 4720
5001 734
5002 7697
5003 9728
5004 8009
5005 2861
5006 8272
5007 9504
5008 5608
5009 5175
5010 6299
5011 9707
5012 2413
5013 2067
5014 3231
5015 9113
5016 6988
5017 3086
5018 841
5019 6628
5020 8923
5021 8869
5022 2853
5023 9905
5024 1878
5025 8807
5026 8852
5027 573
5028 7427
5029 4658
5030 6881
5031 4055
5032 8192
5033 6743
5034 7027
5035 9827
5036 9140
5037 9019
5038 8260
5039 3800
5040 1524
5041 5663
5042 6806
5043 2733
5044 873
5045 8042
5046 9937
5047 1733
5048 448
5049 7337
5050 1579
5051 3191
5052 1456
5053 3494
5054 8682
5055 636
5056 8710
5057 9753
5058 4077
5059 2801
5060 9075
5061 143
5062 4336
5063 2555
5064 770
5065 3017
5066 2898
5067 3361
5068 1156
5069 7824
5070 938
5071 616
5072 9785
5073 8279
5074 6020
5075 5667
5076 3910
5077 6160
5078 1349
5079 6535
5080 2856
5081 1913
5082 7357
5083 4812
5084 2427
5085 5888
5086 9908
5087 1252
5088 682
5089 6866
5090 20
5091 7010
5092 9852
5093 913
5094 6247
5095 1821
5096 5333
5097 7853
5098 8285
5099 1024
5100 1881
5101 549
5102 4700
5103 5273
5104 6008
5105 6452
5106 6209
5107 320
5108 564
5109 1431
5110 588
5111 1104
5112 2770
5113 1546
5114 6938
5115 5717
5116 2953
5117 8510
5118 202
5119 5783
5120 6179
5121 2695
5122 3571
5123 9605
5124 8810
5125 4028
5126 9188
5127 3962
5128 1418
5129 7882
5130 3156
5131 828
5132 6836
5133 849
5134 7913
5135 9560
5136 2653
5137 3837
5138 2395
5139 7733
5140 5636
5141 3243
5142 9479
5143 1392
5144 810
5145 1909
5146 2295
5147 6001
5148 4041
5149 7490
5150 1164
5151 525
5152 6547
5153 5053
5154 8255
5155 9100
5156 4507
5157 9743
5158 8855
5159 2744
5160 1887
5161 39
5162 7065
5163 2344
5164 4994
5165 5603
5166 6812
5167 5490
5168 9570
5169 7079
5170 3688
5171 8940
5172 1919
5173 1894
5174 3994
5175 2888
5176 6914
5177 2962
5178 254
5179 8453
5180 5036
5181 717
5182 4664
5183 8207
5184 8489
5185 7817
5186 6488
5187 4832
5188 1314
5189 5849
5190 576
5191 3100
5192 5207
5193 2332
5194 555
5195 3643
5196 8543
5197 9530
5198 2255
5199 7193
5200 3933
5201 2482
5202 116
5203 3861
5204 2299
5205 6609
5206 6847
5207 7630
5208 5792
5209 5779
5210 7061
5211 4706
5212 4095
5213 6164
5214 6408
5215 5705
5216 7781
5217 4112
5218 7022
5219 7002
5220 2679
5221 7430
5222 2130
5223 3305
5224 8804
5225 6740
5226 2895
5227 7007
5228 6005
5229 1428
5230 5714
5231 9602
5232 1415
5233 4661
5234 8540
5235 7778
5236 1425
5237 2836
5238 9659
5239 9317
5240 8654
5241 8414
5242 3118
5243 9686
5244 6338
5245 783
5246 1776
5247 1236
5248 6100
5249 8861
5250 2839
5251 1329
5252 5936
5253 8121
5254 5729
5255 8525
5256 6959
5257 6029
5258 9662
5259 9011
5260 2374
5261 1845
5262 9473
5263 9488
5264 8969
5265 9464
5266 6884
5267 3897
5268 9614
5269 9518
5270 2758
5271 9320
5272 1671
5273 4292
5274 8657
5275 8396
5276 7292
5277 969
5278 6656
5279 5135
5280 92
5281 5231
5282 7403
5283 6896
5284 4646
5285 9542
5286 8078
5287 4592
5288 657
5289 8354
5290 8059
5291 1575
5292 1452
5293 1152
5294 198
5295 2917
5296 3726
5297 7015
5298 2166
5299 8174
5300 3762
5301 6362
5302 6041
5303 6089
5304 7670
5305 1146
5306 9119
5307 4148
5308 1503
5309 3031
5310 5921
5311 3142
5312 5126
5313 6260
5314 9629
5315 5843
5316 1866
5317 5474
5318 4472
5319 3813
5320 9170
5321 8819
5322 9587
5323 8750
5324 6122
5325 8417
5326 756
5327 3940
5328 2305
5329 479
5330 5357
5331 3220
5332 3121
5333 5549
5334 4853
5335 9128
5336 3714
5337 5261
5338 8931
5339 7053
5340 1271
5341 6478
5342 5002
5343 7834
5344 9689
5345 4417
5346 8644
5347 3530
5348 8360
5349 4862
5350 4012
5351 4846
5352 8029
5353 4496
5354 7573
5355 4300
5356 9059
5357 4058
5358 4225
5359 7088
5360 6766
5361 6522
5362 3774
5363 1874
5364 9484
5365 6817
5366 8794
5367 1399
5368 4759
5369 1353
5370 6341
5371 2809
5372 1563
5373 2701
5374 7598
5375 3598
5376 7037
5377 3888
5378 8390
5379 1497
5380 4898
5381 786
5382 4606
5383 5682
5384 2188
5385 3226
5386 1666
5387 6761
5388 8444
5389 1260
5390 3079
5391 238
5392 2518
5393 1119
5394 1779
5395 6471
5396 1239
5397 3652
5398 6103
5399 8345
5400 9930
5401 3454
5402 4045
5403 5617
5404 8864
5405 7877
5406 9636
5407 2830
5408 2980
5409 6948
5410 6700
5411 2230
5412 7204
5413 4263
5414 4167
5415 909
5416 4794
5417 6049
5418 5569
5419 3577
5420 8769
5421 8110
5422 3678
5423 305
5424 4969
5425 8309
5426 2493
5427 3732
5428 2921
5429 2842
5430 6902
5431 4728
5432 1303
5433 5151
5434 8195
5435 8696
5436 925
5437 8055
5438 9926
5439 1332
5440 1802
5441 6645
5442 8849
5443 8522
5444 9125
5445 4329
5446 3271
5447 4883
5448 2420
5449 2581
5450 3436
5451 4332
5452 5939
5453 7889
5454 7148
5455 7247
5456 8124
5457 9621
5458 7794
5459 5343
5460 8322
5461 1182
5462 4007
5463 3337
5464 7722
5465 5307
5466 3807
5467 6929
5468 3070
5469 7414
5470 9779
5471 9360
5472 5497
5473 9221
5474 2722
5475 7277
5476 5732
5477 3274
5478 6401
5479 2326
5480 6368
5481 316
5482 8449
5483 2718
5484 6577
5485 5065
5486 2161
5487 5540
5488 4457
5489 8528
5490 5468
5491 2090
5492 7695
5493 5173
5494 9705
5495 6986
5496 4656
5497 6018
5498 6533
5499 4698
5500 4026
5501 1162
5502 5601
5503 6810
5504 5727
5505 8967
5506 1872
5507 8343
5508 5615
5509 3730
5510 6643
5511 5495
5512 8341
5513 8339
5514 5180
5515 880
5516 7494
5517 1741
5518 5658
5519 5182
5520 8460
5521 5700
5522 8439
5523 2576
5524 4737
5525 7374
5526 2204
5527 6347
5528 1995
5529 4235
5530 53
5531 9494
5532 882
5533 6854
5534 6155
5535 8099
5536 5807
5537 7496
5538 6597
5539 9275
5540 4541
5541 7865
5542 1743
5543 4154
5544 5660
5545 633
5546 7019
5547 8519
5548 313
5549 858
5550 7661
5551 4710
5552 7788
5553 5747
5554 6432
5555 1009
5556 3983
5557 3214
5558 5184
5559 533
5560 4099
5561 674
5562 8228
5563 4547
5564 9724
5565 1295
5566 3694
5567 3829
5568 7711
5569 7111
5570 99
5571 4838
5572 7652
5573 8978
5574 8759
5575 8369
5576 5771
5577 4349
5578 953
5579 81
5580 2170
5581 2989
5582 9996
5583 4517
5584 6746
5585 4586
5586 420
5587 8240
5588 7211
5589 6140
5590 1950
5591 1140
5592 5300
5593 7472
5594 5279
5595 5564
5596 4106
5597 339
5598 9820
5599 1065
5600 5216
5601 4685
5602 861
5603 3205
5604 6962
5605 2014
5606 246
5607 5093
5608 454
5609 6795
5610 5406
5611 2932
5612 7454
5613 6032
5614 171
5615 8234
5616 187
5617 627
5618 35
5619 6467
5620 6014
5621 6734
5622 4742
5623 9665
5624 6555
5625 1587
5626 3879
5627 1168
5628 2848
5629 9014
5630 5874
5631 4343
5632 6439
5633 7442
5634 1371
5635 2434
5636 1629
5637 5324
5638 1200
5639 1440
5640 7664
5641 5837
5642 2377
5643 7637
5644 9374
5645 2545
5646 6824
5647 9431
5648 6502
5649 1794
5650 4988
5651 2539
5652 1848
5653 6077
5654 1299
5655 5169
5656 3870
5657 8477
5658 8156
5659 3007
5660 9650
5661 8462
5662 6539
5663 7910
5664 9557
5665 9476
5666 8204
5667 5702
5668 5711
5669 8411
5670 9683
5671 9611
5672 5228
5673 9167
5674 8816
5675 8441
5676 2578
5677 3334
5678 3067
5679 1992
5680 9491
5681 5804
5682 3980
5683 3211
5684 7108
5685 8975
5686 4739
5687 1197
5688 5834
5689 9428
5690 8474
5691 8972
5692 4904
5693 3127
5694 7961
5695 9467
5696 1077
5697 4177
5698 6581
5699 2290
5700 48
5701 6887
5702 4769
5703 3900
5704 3187
5705 2184
5706 9617
5707 5597
5708 7370
5709 6593
5710 529
5711 3183
5712 7343
5713 2368
5714 7376
5715 7030
5716 7481
5717 9521
5718 4979
5719 651
5720 5059
5721 9830
5722 5078
5723 4886
5724 6287
5725 9143
5726 4754
5727 7949
5728 6587
5729 2461
5730 7139
5731 3136
5732 9365
5733 741
5734 2761
5735 28
5736 644
5737 5287
5738 7185
5739 3342
5740 1616
5741 8178
5742 1336
5743 9268
5744 6462
5745 9769
5746 1386
5747 5995
5748 7100
5749 4133
5750 4631
5751 2909
5752 3767
5753 2206
5754 3698
5755 5943
5756 5857
5757 9596
5758 4936
5759 4564
5760 7518
5761 9051
5762 4907
5763 8221
5764 2423
5765 7849
5766 6892
5767 3003
5768 9592
5769 2619
5770 8035
5771 8950
5772 6317
5773 8836
5774 9022
5775 9331
5776 436
5777 1836
5778 9323
5779 1088
5780 7901
5781 4382
5782 6636
5783 369
5784 1674
5785 7316
5786 9641
5787 7679
5788 8956
5789 1752
5790 8505
5791 4295
5792 6418
5793 358
5794 7463
5795 6349
5796 8660
5797 381
5798 6168
5799 9857
5800 1683
5801 4082
5802 3373
5803 1997
5804 4411
5805 3789
5806 9155
5807 3130
5808 6977
5809 4693
5810 4237
5811 3426
5812 5900
5813 5110
5814 1280
5815 1470
5816 5249
5817 7964
5818 792
5819 690
5820 8263
5821 284
5822 7568
5823 9089
5824 4798
5825 8882
5826 3803
5827 416
5828 6551
5829 1988
5830 5991
5831 6293
5832 9952
5833 8131
5834 55
5835 3199
5836 9496
5837 8399
5838 729
5839 4502
5840 7388
5841 8249
5842 7295
5843 3285
5844 6053
5845 884
5846 2584
5847 9575
5848 1404
5849 2623
5850 5556
5851 4034
5852 9398
5853 1320
5854 6677
5855 2711
5856 220
5857 4526
5858 1599
5859 9837
5860 972
5861 5191
5862 6856
5863 2110
5864 4652
5865 6791
5866 4173
5867 6458
5868 6194
5869 7232
5870 6227
5871 6233
5872 1942
5873 9892
5874 8189
5875 8039
5876 6157
5877 1412
5878 9470
5879 7862
5880 9371
5881 6821
5882 5594
5883 7385
5884 9395
5885 7382
5886 3411
5887 948
5888 5647
5889 6412
5890 6659
5891 9344
5892 5138
5893 2638
5894 4432
5895 2751
5896 7769
5897 8987
5898 6968
5899 4486
5900 4942
5901 403
5902 5513
5903 1707
5904 7727
5905 6601
5906 1527
5907 8101
5908 1265
5909 7544
5910 9038
5911 5932
5912 95
5913 1040
5914 4764
5915 1509
5916 5954
5917 8912
5918 5234
5919 4713
5920 7130
5921 5456
5922 5069
5923 4921
5924 6509
5925 3414
5926 4446
5927 3586
5928 978
5929 1080
5930 2071
5931 4356
5932 7347
5933 9867
5934 7535
5935 3439
5936 5809
5937 5879
5938 1379
5939 6682
5940 4288
5941 7135
5942 1648
5943 9211
5944 8565
5945 4180
5946 9979
5947 1044
5948 8162
5949 2660
5950 894
5951 9963
5952 3491
5953 966
5954 6584
5955 6314
5956 6374
5957 8590
5958 9081
5959 7498
5960 3547
5961 3013
5962 3152
5963 8755
5964 6297
5965 6245
5966 2293
5967 6545
5968 2372
5969 2716
5970 6531
5971 51
5972 951
5973 4683
5974 7106
5975 5057
5976 5855
5977 6890
5978 3001
5979 8954
5980 6416
5981 7380
5982 6599
5983 4286
5984 7406
5985 3025
5986 6254
5987 6861
5988 6995
5989 6899
5990 7791
5991 5403
5992 4649
5993 6224
5994 3847
5995 7556
5996 5751
5997 5397
5998 9545
5999 7954
6000 9803
6001 9277
6002 984
6003 7408
6004 3391
6005 5650
6006 4912
6007 1715
6008 6127
6009 3833
6010 3027
6011 6256
6012 7084
6013 1790
6014 7936
6015 5962
6016 3558
6017 6281
6018 7393
6019 7759
6020 8081
6021 4595
6022 8314
6023 4139
6024 4556
6025 8150
6026 9452
6027 5009
6028 1979
6029 1361
6030 9990
6031 9263
6032 816
6033 9739
6034 4543
6035 7970
6036 660
6037 751
6038 1725
6039 6663
6040 8798
6041 2242
6042 8300
6043 8609
6044 4637
6045 4772
6046 582
6047 7310
6048 8294
6049 4388
6050 6
6051 2402
6052 1815
6053 9149
6054 7514
6055 7841
6056 7124
6057 7867
6058 6321
6059 4314
6060 6863
6061 714
6062 4829
6063 1572
6064 8357
6065 4493
6066 2806
6067 7034
6068 4603
6069 7649
6070 8408
6071 4130
6072 6242
6073 7691
6074 5105
6075 9985
6076 4571
6077 5381
6078 5240
6079 3903
6080 2737
6081 600
6082 5351
6083 6997
6084 960
6085 8840
6086 492
6087 4367
6088 2607
6089 8994
6090 7620
6091 9411
6092 1745
6093 2534
6094 9420
6095 4156
6096 2685
6097 3483
6098 9228
6099 8062
6100 4719
6101 2860
6102 8271
6103 9904
6104 572
6105 9139
6106 8259
6107 5662
6108 2732
6109 872
6110 9936
6111 7336
6112 1578
6113 3190
6114 1455
6115 635
6116 9752
6117 4076
6118 2800
6119 4335
6120 1155
6121 937
6122 5666
6123 1348
6124 4811
6125 1023
6126 548
6127 563
6128 1545
6129 201
6130 6835
6131 1908
6132 4040
6133 8254
6134 9569
6135 1918
6136 2887
6137 1313
6138 5206
6139 4111
6140 7021
6141 6739
6142 8653
6143 2165
6144 4471
6145 4861
6146 6521
6147 5681
6148 2187
6149 4262
6150 4793
6151 2920
6152 6901
6153 4727
6154 924
6155 8521
6156 2419
6157 9620
6158 7793
6159 5342
6160 5306
6161 6367
6162 315
6163 4456
6164 7694
6165 4025
6166 5600
6167 6809
6168 3729
6169 7373
6170 6596
6171 7018
6172 7660
6173 7787
6174 1008
6175 532
6176 9723
6177 3693
6178 3828
6179 4348
6180 2169
6181 2988
6182 7210
6183 5299
6184 338
6185 860
6186 2013
6187 245
6188 5092
6189 453
6190 5405
6191 5873
6192 7663
6193 5168
6194 9649
6195 3333
6196 7960
6197 4768
6198 3186
6199 7369
6200 6592
6201 5286
6202 7184
6203 8177
6204 3766
6205 5942
6206 368
6207 8504
6208 3372
6209 5109
6210 7567
6211 1987
6212 1403
6213 5555
6214 9836
6215 4651
6216 4172
6217 6226
6218 9891
6219 3410
6220 4763
6221 4712
6222 4445
6223 4355
6224 7346
6225 1647
6226 965
6227 9080
6228 2371
6229 6530
6230 6415
6231 7379
6232 7790
6233 5402
6234 6223
6235 5750
6236 5396
6237 1789
6238 1360
6239 9989
6240 750
6241 6662
6242 7309
6243 2401
6244 7840
6245 4313
6246 7033
6247 2736
6248 491
6249 2533
6250 2684
6251 9138
6252 2799
6253 4810
6254 562
6255 6834
6256 1917
6257 5205
6258 6738
6259 4860
6260 5341
6261 6366
6262 9722
6263 2987
6264 3765
6265 5108
6266 4354
6267 5749
6268 1788
6269 1359
6270 9988
6271 9137
6272 4859
6273 6365
6274 9721
6275 2986
6276 1358
6277 1357
6278 6377
6279 6378
6280 6379
6281 7255
6282 6380
6283 6925
6284 9094
6285 3849
6286 2598
6287 6707
6288 4208
6289 9200
6290 2455
6291 9245
6292 7256
6293 6305
6294 5387
6295 930
6296 3279
6297 8677
6298 7352
6299 7706
6300 6434
6301 8945
6302 2794
6303 3037
6304 7484
6305 9284
6306 6113
6307 1223
6308 3235
6309 6515
6310 9026
6311 8086
6312 5927
6313 7300
6314 9524
6315 3106
6316 5573
6317 8051
6318 876
6319 3148
6320 7558
6321 3662
6322 2278
6323 4574
6324 7892
6325 5312
6326 7550
6327 8593
6328 8639
6329 7199
6330 6044
6331 7562
6332 5156
6333 9251
6334 5753
6335 9104
6336 7715
6337 6215
6338 8780
6339 4982
6340 9809
6341 298
6342 6092
6343 9005
6344 3783
6345 3744
6346 1050
6347 2509
6348 87
6349 7673
6350 6395
6351 9389
6352 8624
6353 7739
6354 8723
6355 6381
6356 6783
6357 6803
6358 5033
6359 3930
6360 9314
6361 1773
6362 6026
6363 654
6364 1149
6365 9122
6366 3268
6367 7244
6368 6926
6369 7274
6370 5062
6371 4151
6372 6074
6373 3064
6374 9425
6375 8471
6376 7541
6377 1506
6378 3388
6379 5102
6380 8501
6381 9833
6382 6527
6383 5399
6384 1785
6385 9242
6386 5384
6387 3034
6388 5924
6389 3145
6390 3780
6391 8621
6392 5420
6393 5525
6394 7610
6395 9347
6396 8894
6397 9095
6398 2674
6399 8024
6400 7931
6401 469
6402 8630
6403 9404
6404 5432
6405 1011
6406 697
6407 8744
6408 3985
6409 5243
6410 9194
6411 3707
6412 7361
6413 7745
6414 2320
6415 5438
6416 4276
6417 4784
6418 3796
6419 3906
6420 6205
6421 3216
6422 9448
6423 9547
6424 7151
6425 5981
6426 5423
6427 5129
6428 8333
6429 1017
6430 3621
6431 5186
6432 9860
6433 3850
6434 6875
6435 3112
6436 9458
6437 5145
6438 4307
6439 6327
6440 2599
6441 3397
6442 6708
6443 5081
6444 4209
6445 5450
6446 3615
6447 9201
6448 2456
6449 8145
6450 9246
6451 7257
6452 6273
6453 9551
6454 8045
6455 6306
6456 535
6457 5388
6458 6263
6459 5047
6460 931
6461 3280
6462 5294
6463 3972
6464 4511
6465 9308
6466 8919
6467 8678
6468 7353
6469 2740
6470 7626
6471 9632
6472 7707
6473 6435
6474 8946
6475 7956
6476 2795
6477 9805
6478 603
6479 3038
6480 802
6481 1174
6482 9940
6483 918
6484 1924
6485 7485
6486 9774
6487 4101
6488 9747
6489 7250
6490 9279
6491 9285
6492 8552
6493 6114
6494 1224
6495 4949
6496 1693
6497 4803
6498 986
6499 3236
6500 8829
6501 5483
6502 8688
6503 8484
6504 9084
6505 6516
6506 3059
6507 6198
6508 9027
6509 7163
6510 8087
6511 5528
6512 4932
6513 8127
6514 5928
6515 9207
6516 5141
6517 7301
6518 5764
6519 2665
6520 1652
6521 4889
6522 9525
6523 7926
6524 3107
6525 5574
6526 7613
6527 2410
6528 1730
6529 6935
6530 5846
6531 3723
6532 6945
6533 8052
6534 1869
6535 877
6536 6137
6537 2365
6538 4976
6539 5988
6540 6290
6541 3149
6542 9146
6543 1905
6544 1644
6545 747
6546 9134
6547 9718
6548 7559
6549 2407
6550 3720
6551 8789
6552 9179
6553 6691
6554 506
6555 2061
6556 1899
6557 3663
6558 326
6559 8729
6560 5624
6561 6725
6562 7173
6563 2975
6564 3874
6565 5161
6566 5477
6567 9883
6568 6670
6569 2279
6570 4575
6571 9297
6572 7893
6573 3461
6574 5313
6575 5223
6576 8184
6577 9958
6578 7551
6579 5017
6580 7236
6581 8594
6582 9512
6583 5414
6584 5917
6585 8640
6586 7200
6587 6045
6588 7410
6589 7845
6590 7563
6591 7305
6592 3393
6593 5157
6594 9293
6595 9252
6596 4475
6597 5754
6598 5022
6599 3816
6600 9105
6601 5120
6602 7716
6603 5652
6604 9173
6605 666
6606 6216
6607 6718
6608 8781
6609 676
6610 9624
6611 4983
6612 3581
6613 8702
6614 7803
6615 9810
6616 299
6617 4401
6618 6093
6619 4914
6620 4217
6621 1717
6622 6495
6623 7797
6624 9006
6625 3784
6626 6129
6627 3516
6628 2383
6629 1700
6630 8670
6631 3745
6632 5461
6633 4961
6634 7811
6635 8230
6636 5074
6637 8666
6638 7501
6639 2028
6640 4089
6641 1051
6642 2782
6643 3999
6644 3355
6645 8822
6646 6569
6647 9350
6648 1806
6649 5579
6650 2510
6651 7976
6652 347
6653 2643
6654 5346
6655 4816
6656 88
6657 6333
6658 7674
6659 9072
6660 6359
6661 5354
6662 5213
6663 6191
6664 9976
6665 3844
6666 4600
6667 545
6668 2595
6669 6270
6670 8481
6671 7170
6672 344
6673 4242
6674 6396
6675 9390
6676 8625
6677 7740
6678 8724
6679 8897
6680 4549
6681 7940
6682 8773
6683 8325
6684 4245
6685 6382
6686 1736
6687 4672
6688 6784
6689 2826
6690 5966
6691 4620
6692 7505
6693 1185
6694 9726
6695 3084
6696 9825
6697 6804
6698 1102
6699 3835
6700 9098
6701 7077
6702 5034
6703 3931
6704 7000
6705 2677
6706 2893
6707 9315
6708 1774
6709 8859
6710 6027
6711 9540
6712 655
6713 1150
6714 6039
6715 9117
6716 3029
6717 6258
6718 7832
6719 4010
6720 8027
6721 4223
6722 7086
6723 8792
6724 4757
6725 8388
6726 1495
6727 4896
6728 3650
6729 7875
6730 9123
6731 3269
6732 7146
6733 7245
6734 6927
6735 7275
6736 6399
6737 5063
6738 6345
6739 4152
6740 8226
6741 1138
6742 7440
6743 1792
6744 6075
6745 1297
6746 7908
6747 5709
6748 3065
6749 9426
6750 8472
6751 3340
6752 3696
6753 9590
6754 2617
6755 1086
6756 1681
6757 4524
6758 6231
6759 9393
6760 7767
6761 401
6762 7725
6763 7542
6764 1507
6765 5952
6766 7128
6767 8160
6768 3011
6769 8753
6770 7952
6771 3389
6772 6125
6773 3831
6774 7934
6775 8607
6776 5103
6777 2605
6778 3481
6779 570
6780 870
6781 7785
6782 336
6783 2011
6784 243
6785 451
6786 6590
6787 8502
6788 1985
6789 9834
6790 9889
6791 963
6792 6528
6793 5400
6794 2531
6795 5203
6796 1786
6797 9243
6798 5385
6799 3035
6800 5925
6801 3146
6802 5310
6803 7713
6804 9003
6805 3781
6806 8622
6807 9240
6808 8619
6809 8892
6810 8628
6811 7743
6812 4274
6813 6203
6814 5421
6815 5526
6816 7611
6817 504
6818 2059
6819 8727
6820 9881
6821 6668
6822 9956
6823 9348
6824 7974
6825 2641
6826 8895
6827 7938
6828 5964
6829 9096
6830 2675
6831 8025
6832 7932
6833 3479
6834 334
6835 5201
6836 470
6837 7113
6838 8420
6839 8631
6840 9405
6841 9654
6842 9162
6843 6237
6844 5433
6845 1012
6846 101
6847 472
6848 8876
6849 3560
6850 759
6851 3540
6852 8900
6853 8843
6854 3943
6855 3550
6856 698
6857 2464
6858 4840
6859 9215
6860 7654
6861 6919
6862 6649
6863 8980
6864 4435
6865 8745
6866 7435
6867 3986
6868 9335
6869 607
6870 9182
6871 3857
6872 8117
6873 2754
6874 1662
6875 5723
6876 8435
6877 6283
6878 4552
6879 8431
6880 269
6881 7395
6882 4161
6883 1931
6884 2308
6885 9915
6886 2048
6887 8761
6888 426
6889 482
6890 207
6891 7329
6892 7323
6893 7115
6894 5244
6895 9195
6896 5976
6897 3046
6898 8371
6899 6616
6900 440
6901 8422
6902 5267
6903 5773
6904 7772
6905 7943
6906 1287
6907 5360
6908 495
6909 3708
6910 8633
6911 7362
6912 7746
6913 1342
6914 2321
6915 8962
6916 8907
6917 1208
6918 5439
6919 112
6920 8990
6921 9407
6922 7871
6923 7142
6924 4277
6925 4785
6926 7761
6927 130
6928 3797
6929 8707
6930 3907
6931 6449
6932 6206
6933 3991
6934 9656
6935 3139
6936 3810
6937 3217
6938 3527
6939 3223
6940 3076
6941 5768
6942 1368
6943 2431
6944 5321
6945 9164
6946 3124
6947 7340
6948 8246
6949 9368
6950 2748
6951 9449
6952 7121
6953 6239
6954 2884
6955 4468
6956 5552
6957 4351
6958 4856
6959 8083
6960 7241
6961 5435
6962 1014
6963 5447
6964 9548
6965 6932
6966 6134
6967 744
6968 9131
6969 3717
6970 6688
6971 9290
6972 7808
6973 4597
6974 8114
6975 5264
6976 3073
6977 7152
6978 2020
6979 8316
6980 5982
6981 103
6982 5424
6983 7920
6984 4370
6985 1519
6986 5130
6987 474
6988 8334
6989 955
6990 1018
6991 4192
6992 6971
6993 2942
6994 9440
6995 9795
6996 8466
6997 3622
6998 2569
6999 2764
7000 8878
7001 5187
7002 8586
7003 4489
7004 83
7005 5586
7006 4122
7007 2172
7008 5372
7009 1059
7010 2991
7011 2872
7012 231
7013 9861
7014 166
7015 4749
7016 2082
7017 9998
7018 2441
7019 4201
7020 5518
7021 9695
7022 7222
7023 3562
7024 3754
7025 2610
7026 1610
7027 3851
7028 3313
7029 391
7030 514
7031 9256
7032 3257
7033 7155
7034 2135
7035 3349
7036 9872
7037 2358
7038 6876
7039 3113
7040 1840
7041 9459
7042 8073
7043 5544
7044 5146
7045 3431
7046 2199
7047 622
7048 1582
7049 3194
7050 2237
7051 4308
7052 2023
7053 6328
7054 2600
7055 3535
7056 3398
7057 4141
7058 7417
7059 2817
7060 1766
7061 3503
7062 6709
7063 5673
7064 5082
7065 1859
7066 4210
7067 3420
7068 4558
7069 761
7070 2156
7071 5451
7072 3542
7073 3616
7074 9202
7075 4519
7076 8887
7077 8902
7078 8581
7079 6694
7080 6748
7081 5788
7082 4588
7083 8845
7084 7450
7085 31
7086 8152
7087 5830
7088 647
7089 2457
7090 1832
7091 4407
7092 5590
7093 4428
7094 8146
7095 3329
7096 9247
7097 8776
7098 8740
7099 9454
7100 5043
7101 5290
7102 4945
7103 422
7104 8242
7105 2880
7106 2813
7107 3325
7108 7983
7109 3945
7110 8934
7111 3552
7112 5970
7113 3319
7114 3174
7115 7258
7116 700
7117 1127
7118 4479
7119 6274
7120 7213
7121 5758
7122 6754
7123 3638
7124 7188
7125 7056
7126 2225
7127 9552
7128 4377
7129 8046
7130 6444
7131 3051
7132 2967
7133 6307
7134 4822
7135 1459
7136 8376
7137 2466
7138 6142
7139 148
7140 5011
7141 3497
7142 3445
7143 536
7144 4624
7145 3403
7146 5389
7147 8716
7148 1274
7149 8997
7150 3521
7151 1952
7152 6481
7153 4461
7154 4185
7155 899
7156 6264
7157 1513
7158 5048
7159 7593
7160 182
7161 1937
7162 8328
7163 69
7164 463
7165 5905
7166 6621
7167 9899
7168 932
7169 1142
7170 3281
7171 5958
7172 5005
7173 5302
7174 5295
7175 3042
7176 4197
7177 406
7178 8572
7179 3973
7180 7474
7181 4248
7182 5866
7183 4512
7184 1567
7185 5281
7186 2273
7187 9309
7188 2669
7189 2315
7190 5367
7191 509
7192 7588
7193 5892
7194 7987
7195 7525
7196 2064
7197 8920
7198 445
7199 8679
7200 9782
7201 7354
7202 522
7203 2741
7204 1891
7205 7627
7206 2127
7207 3595
7208 9633
7209 5566
7210 4326
7211 8319
7212 2087
7213 9702
7214 5697
7215 7708
7216 6436
7217 8947
7218 413
7219 8562
7220 6992
7221 4108
7222 7957
7223 365
7224 7837
7225 2796
7226 9806
7227 8916
7228 7623
7229 8685
7230 3056
7231 4929
7232 5985
7233 1902
7234 2972
7235 341
7236 9822
7237 2528
7238 3476
7239 604
7240 9912
7241 4746
7242 9692
7243 7447
7244 3039
7245 8569
7246 410
7247 3473
7248 1067
7249 803
7250 5218
7251 3511
7252 3666
7253 1175
7254 4687
7255 2705
7256 1487
7257 5026
7258 7602
7259 9941
7260 863
7261 3916
7262 1070
7263 1192
7264 919
7265 1925
7266 806
7267 7486
7268 4842
7269 1256
7270 3674
7271 9775
7272 9217
7273 8365
7274 1946
7275 4102
7276 3207
7277 2180
7278 9327
7279 686
7280 9340
7281 6964
7282 1036
7283 4126
7284 9748
7285 7656
7286 3824
7287 7251
7288 6921
7289 9280
7290 1981
7291 1658
7292 9286
7293 2016
7294 3345
7295 2176
7296 3820
7297 8553
7298 2498
7299 4420
7300 248
7301 2146
7302 5095
7303 456
7304 3602
7305 8532
7306 9045
7307 9414
7308 3380
7309 6115
7310 6651
7311 8982
7312 329
7313 1363
7314 9790
7315 8068
7316 2523
7317 3737
7318 3290
7319 1213
7320 6385
7321 7994
7322 1225
7323 4950
7324 8732
7325 3682
7326 6797
7327 5408
7328 1694
7329 2475
7330 9669
7331 2934
7332 4804
7333 5627
7334 1556
7335 8135
7336 2690
7337 6870
7338 5115
7339 7456
7340 987
7341 3237
7342 6728
7343 8830
7344 106
7345 4437
7346 2041
7347 2217
7348 259
7349 2032
7350 5484
7351 1092
7352 8689
7353 43
7354 639
7355 6034
7356 8557
7357 173
7358 3949
7359 9109
7360 8485
7361 8236
7362 1748
7363 9085
7364 5643
7365 6517
7366 3060
7367 9304
7368 6199
7369 8427
7370 126
7371 387
7372 137
7373 8599
7374 9845
7375 9028
7376 3090
7377 2502
7378 7164
7379 5376
7380 5427
7381 8576
7382 8088
7383 8647
7384 1966
7385 4394
7386 3296
7387 9968
7388 9947
7389 7072
7390 1619
7391 6423
7392 9992
7393 1762
7394 4614
7395 2264
7396 2561
7397 7041
7398 5529
7399 3627
7400 3892
7401 7509
7402 2450
7403 4069
7404 8747
7405 4966
7406 1799
7407 6429
7408 9265
7409 4933
7410 5897
7411 8128
7412 5929
7413 1376
7414 9208
7415 5142
7416 8142
7417 7923
7418 8181
7419 5914
7420 7302
7421 9069
7422 7437
7423 7905
7424 1339
7425 3988
7426 5765
7427 4119
7428 3310
7429 8713
7430 2666
7431 2124
7432 9337
7433 2115
7434 776
7435 1653
7436 7176
7437 9756
7438 2118
7439 273
7440 609
7441 4890
7442 818
7443 189
7444 9184
7445 845
7446 9526
7447 779
7448 7399
7449 9583
7450 9271
7451 629
7452 2
7453 7927
7454 3108
7455 5575
7456 397
7457 4424
7458 4373
7459 7614
7460 9502
7461 2411
7462 4053
7463 1522
7464 1731
7465 141
7466 1250
7467 18
7468 6936
7469 3960
7470 9741
7471 37
7472 2342
7473 8938
7474 252
7475 5847
7476 3859
7477 6607
7478 4093
7479 6406
7480 1327
7481 8119
7482 6957
7483 2756
7484 8394
7485 5133
7486 196
7487 2915
7488 3724
7489 8172
7490 4146
7491 1501
7492 5124
7493 5472
7494 477
7495 1664
7496 6469
7497 2978
7498 6946
7499 4165
7500 8307
7501 8053
7502 4881
7503 7720
7504 6984
7505 6016
7506 5725
7507 1870
7508 8337
7509 878
7510 1739
7511 5656
7512 8458
7513 8437
7514 2574
7515 4233
7516 8097
7517 8517
7518 311
7519 4545
7520 6138
7521 1063
7522 6465
7523 3877
7524 4341
7525 1438
7526 2537
7527 4902
7528 2366
7529 4977
7530 6285
7531 9363
7532 7098
7533 7461
7534 4080
7535 1468
7536 790
7537 282
7538 5989
7539 6291
7540 7533
7541 6312
7542 3150
7543 6543
7544 4681
7545 3023
7546 3556
7547 4554
7548 1723
7549 4386
7550 9147
7551 4827
7552 2804
7553 8406
7554 5238
7555 958
7556 7618
7557 4717
7558 4074
7559 1021
7560 1543
7561 1906
7562 5166
7563 4443
7564 1645
7565 9078
7566 748
7567 6736
7568 9135
7569 9719
7570 7704
7571 6111
7572 7560
7573 3742
7574 9423
7575 3386
7576 8499
7577 6325
7578 800
7579 9772
7580 8550
7581 8827
7582 2408
7583 3721
7584 9177
7585 5221
7586 3514
7587 6357
7588 4618
7589 8790
7590 8386
7591 7972
7592 5199
7593 8874
7594 9180
7595 8433
7596 4159
7597 5974
7598 1285
7599 229
7600 2439
7601 5516
7602 7220
7603 3533
7604 2154
7605 6692
7606 5041
7607 3323
7608 146
7609 1935
7610 4195
7611 5864
7612 507
7613 2062
7614 363
7615 1900
7616 4744
7617 3664
7618 8363
7619 1656
7620 2144
7621 327
7622 7992
7623 8730
7624 9667
7625 5625
7626 2688
7627 6726
7628 124
7629 135
7630 4067
7631 7174
7632 271
7633 7397
7634 1248
7635 6955
7636 194
7637 2976
7638 4163
7639 309
7640 3875
7641 4339
7642 1466
7643 5164
7644 798
7645 227
7646 2152
7647 1933
7648 2142
7649 1464
7650 5162
7651 2150
7652 5500
7653 5502
7654 6058
7655 6174
7656 3178
7657 3486
7658 1974
7659 7179
7660 3610
7661 5478
7662 9713
7663 9884
7664 2268
7665 2310
7666 3669
7667 8381
7668 9759
7669 5816
7670 6671
7671 4256
7672 2280
7673 6064
7674 9231
7675 9917
7676 2050
7677 8763
7678 6557
7679 4576
7680 7262
7681 9298
7682 5738
7683 7894
7684 595
7685 5504
7686 2995
7687 1589
7688 3462
7689 722
7690 2094
7691 428
7692 484
7693 209
7694 3881
7695 5314
7696 4865
7697 1710
7698 7331
7699 4015
7700 2926
7701 2551
7702 4849
7703 1178
7704 670
7705 7468
7706 8200
7707 5224
7708 24
7709 6632
7710 8185
7711 9959
7712 7552
7713 9224
7714 3968
7715 1170
7716 5018
7717 662
7718 8603
7719 7325
7720 7117
7721 7237
7722 1828
7723 2471
7724 8595
7725 6060
7726 1001
7727 9513
7728 5415
7729 2850
7730 9016
7731 9849
7732 6176
7733 7730
7734 5633
7735 1389
7736 5998
7737 2959
7738 7289
7739 5918
7740 753
7741 8641
7742 3451
7743 7201
7744 6046
7745 7411
7746 6574
7747 6640
7748 5744
7749 3977
7750 3180
7751 7478
7752 7846
7753 8032
7754 6974
7755 4690
7756 5246
7757 4499
7758 2708
7759 217
7760 5876
7761 3488
7762 7103
7763 4136
7764 1976
7765 9736
7766 4634
7767 711
7768 1005
7769 4345
7770 7181
7771 7564
7772 6220
7773 7306
7774 6831
7775 9197
7776 5099
7777 4781
7778 5978
7779 3394
7780 3612
7781 5480
7782 1727
7783 9715
7784 6722
7785 5158
7786 9294
7787 542
7788 4669
7789 2823
7790 9886
7791 9878
7792 6665
7793 2079
7794 9253
7795 2196
7796 1124
7797 4476
7798 5755
7799 6441
7800 3048
7801 8373
7802 460
7803 6618
7804 2270
7805 2312
7806 442
7807 4926
7808 7444
7809 5023
7810 1189
7811 3671
7812 3817
7813 8065
7814 2214
7815 9106
7816 8424
7817 7069
7818 2558
7819 1373
7820 2121
7821 773
7822 6604
7823 2912
7824 5121
7825 4878
7826 7717
7827 5653
7828 7530
7829 3020
7830 1540
7831 9174
7832 8383
7833 2436
7834 667
7835 6217
7836 6719
7837 4875
7838 1631
7839 5326
7840 4534
7841 9761
7842 1530
7843 290
7844 1202
7845 5818
7846 5797
7847 7576
7848 1442
7849 2945
7850 2352
7851 8782
7852 677
7853 9355
7854 4722
7855 1490
7856 3252
7857 6147
7858 4675
7859 5269
7860 5775
7861 8800
7862 7774
7863 7666
7864 9625
7865 5839
7866 3770
7867 4984
7868 7945
7869 377
7870 6673
7871 6787
7872 3582
7873 4258
7874 4303
7875 2379
7876 8703
7877 7804
7878 2876
7879 4610
7880 8093
7881 3606
7882 997
7883 7285
7884 373
7885 8212
7886 7639
7887 2244
7888 2388
7889 9811
7890 153
7891 1289
7892 9376
7893 2901
7894 300
7895 736
7896 4281
7897 4402
7898 3633
7899 5362
7900 8302
7901 7699
7902 2209
7903 3701
7904 1853
7905 276
7906 9730
7907 497
7908 3364
7909 1634
7910 8611
7911 8104
7912 2282
7913 4639
7914 9382
7915 4774
7916 8011
7917 6066
7918 2863
7919 6094
7920 4915
7921 5946
7922 8274
7923 4218
7924 4321
7925 1718
7926 5686
7927 9233
7928 6496
7929 7753
7930 1475
7931 5254
7932 9919
7933 59
7934 704
7935 2052
7936 9062
7937 8216
7938 9443
7939 7798
7940 3167
7941 9506
7942 612
7943 5329
7944 584
7945 9007
7946 3710
7947 8927
7948 7049
7949 8765
7950 4537
7951 3866
7952 7312
7953 3785
7954 1595
7955 5509
7956 8296
7957 4789
7958 8635
7959 5029
7960 3926
7961 1098
7962 6130
7963 2565
7964 3517
7965 4390
7966 2338
7967 5860
7968 4252
7969 2547
7970 2384
7971 7045
7972 5824
7973 1481
7974 9764
7975 889
7976 7364
7977 7605
7978 4269
7979 8494
7980 6826
7981 7748
7982 6082
7983 1131
7984 1701
7985 7643
7986 8671
7987 2589
7988 4061
7989 3746
7990 5533
7991 9433
7992 8
7993 6559
7994 1111
7995 4578
7996 5462
7997 1533
7998 2725
7999 7422
8000 5610
8001 6504
8002 293
8003 9032
8004 5691
8005 2248
8006 3094
8007 74
8008 7264
8009 1344
8010 178
8011 9300
8012 4962
8013 5740
8014 2192
8015 2348
8016 7812
8017 7896
8018 4228
8019 767
8020 2650
8021 2392
8022 3302
8023 9599
8024 1268
8025 235
8026 2323
8027 1159
8028 8964
8029 5177
8030 6152
8031 8231
8032 9680
8033 5075
8034 7229
8035 4483
8036 4939
8037 8909
8038 6278
8039 597
8040 5870
8041 7547
8042 2506
8043 2404
8044 8667
8045 7502
8046 4893
8047 1678
8048 7320
8049 1205
8050 5444
8051 66
8052 9896
8053 1210
8054 2029
8055 9944
8056 1796
8057 5911
8058 4116
8059 9580
8060 4090
8061 7217
8062 5506
8063 3923
8064 5821
8065 9677
8066 5441
8067 1052
8068 2783
8069 4000
8070 3356
8071 7280
8072 1817
8073 4990
8074 4998
8075 5800
8076 354
8077 9151
8078 2997
8079 1811
8080 4567
8081 9645
8082 7270
8083 866
8084 1055
8085 9041
8086 1758
8087 8823
8088 6570
8089 9351
8090 3163
8091 1591
8092 3919
8093 1807
8094 2786
8095 5580
8096 2511
8097 9815
8098 9798
8099 4020
8100 8018
8101 7977
8102 2004
8103 7091
8104 1958
8105 821
8106 3464
8107 6769
8108 348
8109 1624
8110 724
8111 7827
8112 3954
8113 6184
8114 2104
8115 941
8116 2096
8117 7579
8118 1445
8119 430
8120 2644
8121 486
8122 211
8123 8536
8124 2489
8125 2541
8126 1073
8127 5347
8128 6301
8129 2790
8130 4817
8131 992
8132 157
8133 7683
8134 3883
8135 5316
8136 4867
8137 7521
8138 9709
8139 2948
8140 9054
8141 89
8142 1712
8143 7333
8144 2355
8145 619
8146 5735
8147 1850
8148 4318
8149 6079
8150 4017
8151 6334
8152 4003
8153 2928
8154 7675
8155 2415
8156 8785
8157 9073
8158 2553
8159 3359
8160 7822
8161 680
8162 114
8163 6360
8164 6087
8165 5355
8166 4851
8167 1397
8168 1301
8169 1180
8170 9358
8171 5171
8172 4735
8173 672
8174 1293
8175 7470
8176 5214
8177 3203
8178 8202
8179 5226
8180 1195
8181 2288
8182 26
8183 2907
8184 7516
8185 9049
8186 6634
8187 6192
8188 8187
8189 2069
8190 9865
8191 9977
8192 9961
8193 3845
8194 7554
8195 4910
8196 4601
8197 8992
8198 9409
8199 9418
8200 9226
8201 546
8202 4725
8203 922
8204 2596
8205 3277
8206 3233
8207 8469
8208 6525
8209 6271
8210 3970
8211 1172
8212 8482
8213 5762
8214 7171
8215 3872
8216 7843
8217 5020
8218 664
8219 6493
8220 6567
8221 345
8222 8479
8223 7168
8224 4243
8225 9115
8226 1493
8227 7873
8228 7144
8229 6397
8230 8224
8231 1136
8232 9391
8233 7765
8234 7126
8235 8158
8236 3009
8237 8605
8238 9238
8239 8626
8240 7741
8241 8725
8242 9652
8243 8898
8244 4550
8245 7327
8246 7941
8247 8960
8248 7869
8249 7119
8250 7239
8251 8464
8252 5584
8253 3752
8254 1608
8255 3255
8256 5828
8257 1830
8258 8774
8259 3172
8260 8326
8261 4246
8262 6990
8263 1485
8264 9788
8265 6383
8266 2473
8267 8597
8268 3088
8269 3625
8270 843
8271 9500
8272 6404
8273 1737
8274 2572
8275 6541
8276 3384
8277 6323
8278 1246
8279 192
8280 1972
8281 6062
8282 6630
8283 1003
8284 2077
8285 4673
8286 6785
8287 7283
8288 4279
8289 3631
8290 9380
8291 8925
8292 4787
8293 6150
8294 1756
8295 4316
8296 2905
8297 7763
8298 8282
8299 2767
8300 2329
8301 9515
8302 6119
8303 6758
8304 2515
8305 2827
8306 6371
8307 4364
8308 6392
8309 6023
8310 3777
8311 5417
8312 4973
8313 1928
8314 5670
8315 5967
8316 4621
8317 3913
8318 7506
8319 4678
8320 8403
8321 6354
8322 8871
8323 132
8324 1186
8325 4872
8326 733
8327 9727
8328 8008
8329 5607
8330 3230
8331 3085
8332 6627
8333 2852
8334 1877
8335 7026
8336 9826
8337 9018
8338 3799
8339 6805
8340 8709
8341 3016
8342 3909
8343 2855
8344 2426
8345 5887
8346 9907
8347 6865
8348 9851
8349 1820
8350 7852
8351 8284
8352 1880
8353 5272
8354 6451
8355 6208
8356 319
8357 1103
8358 2769
8359 2952
8360 8509
8361 6178
8362 3570
8363 8809
8364 9187
8365 3155
8366 848
8367 7912
8368 9559
8369 3836
8370 7732
8371 5635
8372 3242
8373 9478
8374 1391
8375 809
8376 6000
8377 7489
8378 9099
8379 4506
8380 8854
8381 4993
8382 7078
8383 3993
8384 6913
8385 2961
8386 8452
8387 5035
8388 716
8389 8206
8390 7816
8391 6487
8392 4831
8393 575
8394 2331
8395 3642
8396 9529
8397 7192
8398 3932
8399 2481
8400 6846
8401 5778
8402 7060
8403 6163
8404 5704
8405 7001
8406 2678
8407 7429
8408 8803
8409 2894
8410 7006
8411 5713
8412 4660
8413 7777
8414 1424
8415 2835
8416 9658
8417 9316
8418 8413
8419 9685
8420 6337
8421 782
8422 1775
8423 8860
8424 5935
8425 6028
8426 9487
8427 6883
8428 3896
8429 9613
8430 9517
8431 1670
8432 7291
8433 6655
8434 5230
8435 7402
8436 6895
8437 4645
8438 9541
8439 656
8440 8353
8441 1574
8442 1151
8443 7014
8444 6040
8445 7669
8446 9118
8447 3030
8448 5920
8449 3141
8450 6259
8451 9628
8452 5842
8453 3812
8454 9169
8455 8818
8456 9586
8457 6121
8458 755
8459 3939
8460 2304
8461 3219
8462 5260
8463 6477
8464 5001
8465 7833
8466 8643
8467 3529
8468 8359
8469 4011
8470 4845
8471 8028
8472 4495
8473 4299
8474 9058
8475 4057
8476 4224
8477 7087
8478 6765
8479 3773
8480 6816
8481 8793
8482 4758
8483 1352
8484 2808
8485 1562
8486 2700
8487 7036
8488 8389
8489 1496
8490 4897
8491 4605
8492 3225
8493 6760
8494 8443
8495 1259
8496 3078
8497 2517
8498 1118
8499 3651
8500 3453
8501 7876
8502 2829
8503 6699
8504 2229
8505 7203
8506 908
8507 6048
8508 3576
8509 3677
8510 304
8511 8194
8512 8695
8513 9925
8514 9124
8515 3270
8516 2580
8517 7888
8518 7147
8519 7246
8520 4006
8521 3336
8522 6928
8523 3069
8524 7413
8525 9778
8526 9220
8527 2721
8528 7276
8529 6400
8530 8448
8531 6576
8532 5064
8533 5539
8534 6642
8535 5494
8536 6346
8537 1994
8538 9493
8539 6853
8540 5806
8541 9274
8542 4153
8543 632
8544 857
8545 5746
8546 3982
8547 3213
8548 8227
8549 7110
8550 98
8551 4837
8552 7651
8553 8977
8554 8758
8555 8368
8556 5770
8557 80
8558 4516
8559 6745
8560 4585
8561 1949
8562 1139
8563 5563
8564 4105
8565 9819
8566 2931
8567 170
8568 6733
8569 4741
8570 2847
8571 7441
8572 1370
8573 2433
8574 5323
8575 1199
8576 5836
8577 7636
8578 9430
8579 6501
8580 1793
8581 4987
8582 6076
8583 1298
8584 8476
8585 3006
8586 6538
8587 7909
8588 9556
8589 5710
8590 8410
8591 9610
8592 9166
8593 8815
8594 3066
8595 5803
8596 3979
8597 3210
8598 8974
8599 9427
8600 8473
8601 3126
8602 6580
8603 2183
8604 3182
8605 7342
8606 7029
8607 7480
8608 9829
8609 9142
8610 4753
8611 7948
8612 740
8613 3341
8614 9768
8615 4132
8616 4630
8617 3697
8618 9595
8619 4906
8620 7848
8621 9591
8622 2618
8623 8034
8624 8835
8625 9021
8626 9330
8627 1087
8628 7900
8629 4381
8630 7678
8631 357
8632 380
8633 9856
8634 1682
8635 9154
8636 3129
8637 6976
8638 4692
8639 5248
8640 7963
8641 689
8642 8262
8643 8881
8644 3802
8645 4501
8646 8248
8647 9574
8648 2622
8649 4033
8650 1319
8651 6676
8652 2710
8653 219
8654 4525
8655 5190
8656 6790
8657 6232
8658 8038
8659 1411
8660 9469
8661 7861
8662 9370
8663 6820
8664 9394
8665 947
8666 9343
8667 2637
8668 2750
8669 7768
8670 8986
8671 6967
8672 402
8673 1706
8674 7726
8675 1526
8676 1264
8677 7543
8678 9037
8679 1039
8680 1508
8681 5953
8682 7129
8683 5068
8684 3585
8685 1079
8686 5878
8687 7134
8688 4179
8689 1043
8690 8161
8691 893
8692 3490
8693 6583
8694 6373
8695 8589
8696 3012
8697 8754
8698 6244
8699 2292
8700 50
8701 7105
8702 5854
8703 6889
8704 3000
8705 8953
8706 4285
8707 7953
8708 9802
8709 3390
8710 6126
8711 3832
8712 7083
8713 7935
8714 7392
8715 7758
8716 8313
8717 4138
8718 9451
8719 1978
8720 815
8721 9738
8722 7969
8723 8797
8724 8608
8725 4636
8726 4771
8727 581
8728 5
8729 1814
8730 7513
8731 7123
8732 6320
8733 713
8734 1571
8735 4492
8736 7648
8737 4129
8738 6241
8739 7690
8740 5104
8741 9984
8742 4570
8743 5380
8744 3902
8745 8839
8746 4366
8747 2606
8748 3482
8749 2859
8750 571
8751 871
8752 3189
8753 9751
8754 5665
8755 8253
8756 2886
8757 8652
8758 2164
8759 4470
8760 2186
8761 4261
8762 2418
8763 9619
8764 7693
8765 4024
8766 5599
8767 6808
8768 7372
8769 6595
8770 7659
8771 7786
8772 1007
8773 531
8774 3692
8775 3827
8776 4347
8777 337
8778 2012
8779 244
8780 452
8781 9648
8782 4767
8783 3185
8784 7368
8785 6591
8786 5285
8787 7183
8788 8503
8789 3371
8790 7566
8791 1986
8792 1402
8793 5554
8794 9835
8795 9890
8796 3409
8797 4762
8798 7345
8799 964
8800 2370
8801 6529
8802 7378
8803 5401
8804 6222
8805 5395
8806 7308
8807 7032
8808 2735
8809 2532
8810 2683
8811 561
8812 6833
8813 1916
8814 5204
8815 5340
8816 5107
8817 4353
8818 1787
8819 9987
8820 4858
8821 2985
8822 1356
8823 7254
8824 6924
8825 9199
8826 2454
8827 9244
8828 5386
8829 8676
8830 8944
8831 3036
8832 7483
8833 9283
8834 6514
8835 9025
8836 8085
8837 5926
8838 7299
8839 9523
8840 3105
8841 8050
8842 875
8843 3147
8844 2277
8845 4573
8846 5311
8847 7714
8848 4981
8849 9004
8850 3782
8851 1049
8852 86
8853 6394
8854 9388
8855 8623
8856 6782
8857 9313
8858 1772
8859 6025
8860 653
8861 7243
8862 7273
8863 5061
8864 6073
8865 7540
8866 5101
8867 9832
8868 1784
8869 9241
8870 5383
8871 3779
8872 8620
8873 5419
8874 7609
8875 8893
8876 2673
8877 8023
8878 7930
8879 468
8880 8629
8881 5431
8882 696
8883 5242
8884 9193
8885 3706
8886 7360
8887 7744
8888 2319
8889 5437
8890 4275
8891 4783
8892 3795
8893 3905
8894 6204
8895 5980
8896 5422
8897 1016
8898 3111
8899 4306
8900 3396
8901 5080
8902 5449
8903 3614
8904 9550
8905 8044
8906 2739
8907 602
8908 9939
8909 917
8910 1923
8911 5482
8912 5527
8913 4888
8914 7612
8915 1729
8916 6934
8917 6136
8918 2364
8919 4975
8920 6289
8921 9145
8922 1643
8923 746
8924 9133
8925 9717
8926 3719
8927 8788
8928 6690
8929 505
8930 2060
8931 1898
8932 8728
8933 5623
8934 6724
8935 5160
8936 9882
8937 6669
8938 9296
8939 3460
8940 9957
8941 5016
8942 9511
8943 9292
8944 8701
8945 2382
8946 5460
8947 4960
8948 7810
8949 5073
8950 8665
8951 2781
8952 3998
8953 9349
8954 5578
8955 7975
8956 2642
8957 4815
8958 5353
8959 5212
8960 4599
8961 544
8962 2594
8963 8896
8964 7939
8965 1735
8966 4671
8967 2825
8968 5965
8969 3083
8970 9097
8971 6999
8972 2676
8973 2892
8974 8026
8975 4756
8976 3649
8977 6344
8978 400
8979 7951
8980 7933
8981 3480
8982 869
8983 335
8984 2010
8985 242
8986 450
8987 6589
8988 1984
8989 9888
8990 962
8991 5202
8992 4273
8993 503
8994 2058
8995 9880
8996 6667
8997 333
8998 471
8999 8842
9000 2463
9001 6918
9002 7434
9003 9334
9004 8116
9005 1661
9006 1930
9007 7114
9008 6615
9009 439
9010 8421
9011 5266
9012 494
9013 8632
9014 111
9015 9406
9016 7141
9017 8706
9018 6448
9019 9655
9020 3138
9021 3075
9022 1367
9023 2430
9024 9163
9025 7339
9026 9367
9027 6238
9028 4467
9029 5434
9030 1013
9031 743
9032 9289
9033 7807
9034 2019
9035 102
9036 4369
9037 473
9038 4191
9039 9439
9040 9794
9041 2763
9042 8877
9043 5371
9044 1058
9045 165
9046 2081
9047 3561
9048 2609
9049 513
9050 9255
9051 7154
9052 2134
9053 3348
9054 1839
9055 8072
9056 5543
9057 2198
9058 1581
9059 3193
9060 2236
9061 2022
9062 3502
9063 5672
9064 1858
9065 3419
9066 760
9067 3541
9068 8901
9069 8580
9070 8844
9071 30
9072 646
9073 4406
9074 5589
9075 4427
9076 8739
9077 5289
9078 2879
9079 2812
9080 7982
9081 3944
9082 3551
9083 5969
9084 699
9085 1126
9086 4478
9087 5757
9088 6753
9089 3637
9090 7187
9091 2224
9092 4376
9093 6443
9094 3050
9095 2966
9096 4821
9097 1458
9098 8375
9099 2465
9100 3496
9101 3444
9102 4623
9103 8996
9104 4460
9105 4184
9106 1512
9107 7592
9108 462
9109 6620
9110 5957
9111 1566
9112 2272
9113 2314
9114 5366
9115 5891
9116 444
9117 521
9118 8318
9119 2086
9120 5696
9121 8915
9122 7622
9123 8684
9124 3055
9125 4928
9126 5984
9127 2971
9128 2527
9129 9911
9130 7446
9131 3472
9132 3510
9133 2704
9134 5025
9135 7601
9136 3915
9137 1191
9138 4841
9139 1255
9140 3673
9141 9216
9142 2179
9143 9326
9144 685
9145 1035
9146 4125
9147 7655
9148 3823
9149 6920
9150 3344
9151 2175
9152 3819
9153 2497
9154 3601
9155 8531
9156 9044
9157 9413
9158 6650
9159 8981
9160 8067
9161 2522
9162 3736
9163 3289
9164 1555
9165 6869
9166 105
9167 4436
9168 2216
9169 258
9170 1091
9171 638
9172 8556
9173 9108
9174 1747
9175 5642
9176 8426
9177 386
9178 2501
9179 5375
9180 5426
9181 1965
9182 3295
9183 7071
9184 1618
9185 6422
9186 1761
9187 4613
9188 2263
9189 2560
9190 7040
9191 3891
9192 7508
9193 2449
9194 8746
9195 6428
9196 5896
9197 1375
9198 8141
9199 7922
9200 8180
9201 9068
9202 7436
9203 7904
9204 1338
9205 3987
9206 3309
9207 8712
9208 2123
9209 9336
9210 775
9211 9755
9212 608
9213 9183
9214 9270
9215 4423
9216 4372
9217 4052
9218 1521
9219 17
9220 3959
9221 251
9222 3858
9223 6606
9224 1326
9225 8118
9226 2755
9227 8393
9228 5132
9229 2914
9230 8171
9231 1500
9232 5123
9233 5471
9234 476
9235 1663
9236 8306
9237 4880
9238 7719
9239 6983
9240 5724
9241 8336
9242 5655
9243 8457
9244 8436
9245 4232
9246 8096
9247 8516
9248 1062
9249 6464
9250 1437
9251 2536
9252 4901
9253 6284
9254 7097
9255 4079
9256 789
9257 281
9258 7532
9259 6311
9260 4680
9261 3022
9262 4553
9263 4385
9264 4826
9265 2803
9266 8405
9267 5237
9268 957
9269 7617
9270 4716
9271 4073
9272 1020
9273 1542
9274 4442
9275 9077
9276 7703
9277 6110
9278 3741
9279 9422
9280 8498
9281 9771
9282 8826
9283 9176
9284 6356
9285 8385
9286 5198
9287 8873
9288 8432
9289 4158
9290 2438
9291 5040
9292 145
9293 4194
9294 362
9295 7991
9296 2687
9297 123
9298 134
9299 4066
9300 270
9301 7396
9302 6954
9303 4162
9304 4338
9305 797
9306 226
9307 1932
9308 1463
9309 2149
9310 6057
9311 6173
9312 3485
9313 3609
9314 2309
9315 8380
9316 5815
9317 9230
9318 9916
9319 2049
9320 8762
9321 594
9322 2994
9323 721
9324 2093
9325 427
9326 483
9327 208
9328 7330
9329 2925
9330 669
9331 7467
9332 23
9333 3967
9334 7324
9335 7116
9336 2470
9337 1000
9338 1388
9339 5997
9340 7288
9341 3450
9342 6573
9343 6639
9344 6973
9345 5245
9346 216
9347 7102
9348 4135
9349 9735
9350 4633
9351 6219
9352 6830
9353 9196
9354 5098
9355 5977
9356 6721
9357 541
9358 4668
9359 2822
9360 1123
9361 3047
9362 8372
9363 459
9364 6617
9365 441
9366 4925
9367 1188
9368 8064
9369 2213
9370 8423
9371 2557
9372 772
9373 2911
9374 4877
9375 7529
9376 3019
9377 1539
9378 4874
9379 4533
9380 2944
9381 9354
9382 4721
9383 3251
9384 6146
9385 5268
9386 5774
9387 7773
9388 3769
9389 7944
9390 376
9391 2875
9392 4609
9393 8092
9394 3605
9395 996
9396 372
9397 8211
9398 152
9399 1288
9400 2900
9401 735
9402 5361
9403 7698
9404 2208
9405 3700
9406 9729
9407 496
9408 3363
9409 1633
9410 8010
9411 2862
9412 5945
9413 8273
9414 5685
9415 7752
9416 8215
9417 9442
9418 3166
9419 9505
9420 5328
9421 3709
9422 4536
9423 1594
9424 8634
9425 2337
9426 5859
9427 1480
9428 9763
9429 888
9430 7363
9431 8493
9432 7747
9433 7642
9434 2588
9435 1110
9436 1532
9437 5609
9438 292
9439 2247
9440 1343
9441 2191
9442 2391
9443 9598
9444 234
9445 2322
9446 1158
9447 8963
9448 5176
9449 4938
9450 8908
9451 1677
9452 7319
9453 1204
9454 65
9455 1209
9456 5910
9457 9579
9458 3922
9459 5820
9460 5440
9461 5799
9462 1810
9463 4566
9464 9644
9465 3162
9466 9814
9467 9797
9468 7826
9469 940
9470 7578
9471 1444
9472 8535
9473 2488
9474 6300
9475 2789
9476 156
9477 7682
9478 7520
9479 9708
9480 2947
9481 9053
9482 2354
9483 618
9484 2414
9485 8784
9486 7821
9487 679
9488 113
9489 6086
9490 9357
9491 1292
9492 9048
9493 2068
9494 9864
9495 4909
9496 8991
9497 9408
9498 9417
9499 4724
9500 3232
9501 8468
9502 6492
9503 9114
9504 1492
9505 7872
9506 7143
9507 8223
9508 1135
9509 8959
9510 5583
9511 3751
9512 3254
9513 6989
9514 9787
9515 3087
9516 3624
9517 842
9518 2571
9519 3383
9520 1245
9521 1971
9522 6629
9523 4278
9524 9379
9525 8924
9526 4786
9527 6149
9528 1755
9529 2904
9530 7762
9531 8281
9532 2766
9533 6118
9534 2514
9535 4363
9536 6022
9537 5669
9538 3912
9539 4677
9540 6353
9541 8870
9542 131
9543 3229
9544 6626
9545 3798
9546 8708
9547 3908
9548 2854
9549 2425
9550 9906
9551 7851
9552 1879
9553 5271
9554 6450
9555 6207
9556 8508
9557 3569
9558 8808
9559 8853
9560 3992
9561 6912
9562 574
9563 5777
9564 6162
9565 7428
9566 8802
9567 4659
9568 7776
9569 1423
9570 9657
9571 6882
9572 1669
9573 6654
9574 6894
9575 8352
9576 7013
9577 7668
9578 3140
9579 9627
9580 5841
9581 3811
9582 3218
9583 5259
9584 6476
9585 3528
9586 4298
9587 4056
9588 6764
9589 3772
9590 1351
9591 3224
9592 3077
9593 907
9594 303
9595 8193
9596 9924
9597 7887
9598 8447
9599 5538
9600 4836
9601 5769
9602 6744
9603 9818
9604 169
9605 2846
9606 1369
9607 2432
9608 5322
9609 4986
9610 3005
9611 6537
9612 9165
9613 3125
9614 7341
9615 7028
9616 9828
9617 9141
9618 4752
9619 7947
9620 739
9621 4629
9622 9594
9623 9020
9624 379
9625 9855
9626 8261
9627 8880
9628 3801
9629 8247
9630 2621
9631 1318
9632 6675
9633 5189
9634 6789
9635 8037
9636 1410
9637 7860
9638 9369
9639 2636
9640 2749
9641 8985
9642 1705
9643 1525
9644 1263
9645 3584
9646 7133
9647 8588
9648 5853
9649 8952
9650 4284
9651 9801
9652 9450
9653 580
9654 7122
9655 6319
9656 4491
9657 7647
9658 6240
9659 9983
9660 8838
9661 2858
9662 5664
9663 2885
9664 8651
9665 4469
9666 4260
9667 4023
9668 6807
9669 3370
9670 5553
9671 3408
9672 5394
9673 2734
9674 560
9675 1915
9676 4352
9677 4857
9678 8675
9679 6513
9680 9024
9681 8084
9682 3104
9683 874
9684 1048
9685 85
9686 1771
9687 7242
9688 1783
9689 8022
9690 695
9691 3705
9692 7359
9693 5436
9694 1015
9695 4305
9696 5448
9697 9549
9698 8043
9699 9938
9700 916
9701 6933
9702 6135
9703 1642
9704 745
9705 9132
9706 3718
9707 6689
9708 5015
9709 9291
9710 2381
9711 5459
9712 4959
9713 7809
9714 5072
9715 8664
9716 4814
9717 5211
9718 4598
9719 2593
9720 1734
9721 3082
9722 3648
9723 2009
9724 241
9725 449
9726 502
9727 332
9728 9333
9729 8115
9730 6614
9731 438
9732 5265
9733 8705
9734 3074
9735 1366
9736 2429
9737 7338
9738 7806
9739 9438
9740 9793
9741 7153
9742 1838
9743 8071
9744 1580
9745 3192
9746 2021
9747 3501
9748 1857
9749 3418
9750 4405
9751 5588
9752 2878
9753 7981
9754 3636
9755 1457
9756 3495
9757 5365
9758 5890
9759 520
9760 8317
9761 2085
9762 8683
9763 5983
9764 2526
9765 9910
9766 3471
9767 3509
9768 1254
9769 9325
9770 684
9771 1034
9772 4124
9773 2174
9774 2521
9775 6868
9776 104
9777 1090
9778 637
9779 385
9780 5374
9781 5425
9782 1964
9783 3294
9784 6421
9785 4612
9786 7921
9787 7903
9788 8711
9789 9754
9790 4371
9791 4051
9792 1520
9793 16
9794 5131
9795 8170
9796 475
9797 8305
9798 8335
9799 8095
9800 1061
9801 7096
9802 4078
9803 280
9804 4384
9805 2802
9806 956
9807 1019
9808 9076
9809 7702
9810 3740
9811 5197
9812 144
9813 4193
9814 361
9815 4065
9816 6953
9817 4337
9818 225
9819 6172
9820 3608
9821 5814
9822 2993
9823 7466
9824 22
9825 999
9826 7287
9827 3449
9828 6638
9829 6972
9830 9734
9831 540
9832 1122
9833 4924
9834 2212
9835 2556
9836 771
9837 3018
9838 4532
9839 2943
9840 3250
9841 375
9842 2874
9843 371
9844 2899
9845 3362
9846 8214
9847 9441
9848 2336
9849 7641
9850 2246
9851 2390
9852 233
9853 1157
9854 1676
9855 7318
9856 64
9857 9643
9858 3161
9859 9813
9860 9796
9861 7825
9862 939
9863 155
9864 7681
9865 617
9866 1291
9867 9863
9868 8467
9869 8958
9870 3750
9871 9786
9872 3623
9873 2570
9874 1244
9875 1970
9876 9378
9877 1754
9878 2903
9879 8280
9880 2765
9881 4362
9882 6021
9883 5668
9884 3911
9885 6352
9886 8507
9887 6911
9888 6161
9889 7012
9890 6475
9891 4297
9892 1350
9893 906
9894 302
9895 5537
9896 168
9897 6536
9898 4751
9899 738
9900 4628
9901 9854
9902 8879
9903 5188
9904 1409
9905 2635
9906 8587
9907 4283
9908 4490
9909 2857
9910 3369
9911 3407
9912 5393
9913 559
9914 1914
9915 6512
9916 84
9917 1782
9918 8021
9919 3704
9920 7358
9921 915
9922 4958
9923 8663
9924 4813
9925 3647
9926 2008
9927 501
9928 2428
9929 9437
9930 1856
9931 3417
9932 4404
9933 5587
9934 7980
9935 3635
9936 5364
9937 5889
9938 2084
9939 9909
9940 3508
9941 1253
9942 683
9943 4123
9944 2173
9945 6867
9946 384
9947 5373
9948 1963
9949 3293
9950 6420
9951 15
9952 8169
9953 8304
9954 1060
9955 7095
9956 279
9957 7701
9958 360
9959 6171
9960 2992
9961 7465
9962 21
9963 9733
9964 2211
9965 4531
9966 2873
9967 232
9968 9862
9969 1243
9970 6351
9971 7011
9972 6474
9973 167
9974 4750
9975 9853
9976 1408
9977 2634
9978 3368
9979 3703
9980 914
9981 8662
9982 2007
9983 500
9984 1855
9985 2083
9986 383
9987 1962
9988 14
9989 7094
9990 278
9991 6170
9992 9732
9993 1242
9994 3367
9995 499
9996 1961
9997 13
9998 3366
9999 12
